-,-,-
152, 463, 361
156, 452, 421
203, 426, 529
203, 426, 529
193, 477, 500
204, 516, 365
229, 429, 140
223, 304, 109
190, 190, 221
190, 190, 221
166, 94, 452
160, 54, 586
152, 22, 561
176, 3, 607
176, 3, 607
219, 18, 879
247, 37, 1071
292, 172, 1221
292, 172, 1221
349, 235, 1435
422, 296, 1618
484, 415, 1713
536, 479, 1738
582, 446, 1775
612, 498, 1898
637, 554, 1998
696, 606, 1998
696, 606, 1998
683, 631, 1998
629, 582, 1998
546, 493, 1998
454, 362, 1952
366, 200, 1804
289, 121, 1624
228, 55, 1406
163, -19, 1184
163, -19, 1184
126, -52, 944
91, -43, 763
58, -9, 539
57, 19, 352
57, 19, 352
43, 89, 283
21, 92, 278
13, 102, 204
13, 102, 204
16, 132, 85
17, 129, 4
17, 129, 4
26, 168, -25
23, 191, 32
34, 204, 48
34, 204, 48
57, 228, 27
63, 210, 48
50, 186, 141
50, 186, 141
46, 169, 245
57, 89, 325
57, 53, 453
57, 53, 453
57, 51, 594
88, 89, 729
88, 89, 729
129, 166, 940
158, 246, 1096
208, 288, 1227
199, 345, 1272
188, 374, 1300
222, 331, 1355
222, 331, 1355
197, 301, 1432
187, 316, 1522
183, 353, 1670
195, 389, 1807
208, 405, 1965
231, 446, 1998
246, 516, 1998
276, 532, 1998
276, 532, 1998
307, 516, 1998
331, 516, 1998
332, 494, 1946
329, 452, 1748
277, 370, 1499
208, 254, 1268
129, 106, 1020
33, -28, 716
33, -28, 716
-60, -108, 430
-136, -119, 210
-,-,-
314, 378, 259
361, 373, 215
374, 385, 263
361, 330, 259
316, 256, 187
302, 160, 151
302, 160, 151
311, 84, 146
275, 69, 261
259, 15, 373
250, -51, 411
250, -51, 411
265, -123, 549
274, -201, 893
318, -131, 1348
361, 95, 1495
394, 238, 1635
439, 295, 1838
459, 337, 1967
459, 337, 1967
438, 320, 1998
448, 371, 1967
493, 342, 1994
507, 351, 1998
520, 390, 1998
540, 346, 1998
560, 316, 1963
545, 301, 1854
545, 301, 1854
536, 293, 1789
528, 229, 1745
500, 214, 1659
469, 214, 1512
406, 195, 1333
350, 143, 1122
298, 69, 844
298, 69, 844
226, 19, 588
171, 10, 438
120, -3, 332
100, 29, 282
100, 29, 282
87, 100, 256
54, 94, 231
39, 76, 122
39, 76, 122
37, 68, 66
39, 64, 69
39, 64, 69
46, 104, 80
62, 130, 49
62, 130, 49
90, 151, 56
119, 193, 99
149, 238, 171
170, 227, 203
170, 227, 203
190, 135, 264
198, 81, 367
223, 95, 454
262, 87, 642
262, 87, 642
276, 79, 785
260, 72, 886
251, 102, 1107
258, 84, 1398
258, 84, 1398
265, 211, 1582
300, 281, 1720
320, 220, 1943
355, 275, 1998
417, 356, 1998
471, 345, 1998
528, 372, 1998
528, 372, 1998
564, 400, 1998
595, 452, 1998
611, 497, 1952
573, 467, 1911
514, 386, 1788
433, 272, 1576
342, 160, 1314
252, 69, 1073
252, 69, 1073
162, 29, 840
61, 43, 555
24, -17, 431
-,-,-
260, 451, 623
274, 382, 612
344, 397, 620
334, 353, 437
334, 353, 437
330, 279, 257
328, 217, 177
296, 134, 33
297, -39, -76
297, -39, -76
332, -156, 3
374, -121, 35
431, -107, 12
492, -116, 219
536, -57, 635
536, -57, 635
572, -22, 1094
606, 40, 1591
650, 198, 1974
651, 363, 1998
613, 358, 1998
542, 291, 1998
526, 252, 1998
526, 252, 1998
536, 218, 1997
561, 227, 1892
563, 186, 1701
584, 187, 1572
622, 203, 1532
714, 286, 1562
813, 413, 1632
832, 419, 1713
832, 419, 1713
789, 410, 1719
720, 369, 1647
641, 244, 1553
536, 104, 1417
403, -10, 1310
290, -72, 1137
205, -142, 869
119, -165, 580
119, -165, 580
25, -168, 372
-49, -129, 270
-96, -65, 160
-119, -1, 38
-125, 76, -9
-125, 76, -9
-140, 43, -21
-128, 12, -23
-111, 41, -78
-87, 83, -87
-87, 83, -87
-42, 109, -18
2, 167, 0
15, 166, -14
15, 166, -14
20, 43, 1
48, -32, 93
74, -58, 166
74, -58, 166
123, -101, 249
202, -31, 591
268, 36, 971
358, 160, 1294
426, 197, 1603
426, 197, 1603
454, 195, 1929
496, 302, 1978
484, 212, 1997
508, 247, 1953
564, 234, 1907
616, 214, 1985
665, 295, 1998
709, 382, 1998
709, 382, 1998
738, 424, 1998
723, 445, 1998
669, 356, 1998
593, 256, 1977
479, 131, 1811
354, 4, 1539
239, -97, 1138
239, -97, 1138
105, -137, 628
-45, -180, 127
-176, -211, -159
-289, -349, -224
-,-,-
390, 434, 589
394, 371, 498
367, 378, 408
363, 352, 272
335, 283, 48
322, 123, -54
322, 123, -54
314, -71, 106
309, -144, 172
364, -151, 147
412, -167, 238
453, -189, 434
571, -150, 790
571, -150, 790
658, -100, 1147
679, -33, 1408
677, 78, 1655
633, 64, 1777
607, 84, 1858
577, 59, 1945
558, 79, 1988
558, 79, 1988
548, 6, 1998
564, 18, 1998
618, 32, 1998
677, 63, 1998
677, 63, 1998
693, 112, 1998
714, 131, 1998
726, 124, 1997
710, 127, 1904
646, 116, 1624
565, 57, 1357
462, -36, 1070
462, -36, 1070
354, -132, 818
244, -172, 603
145, -177, 432
66, -121, 296
2, -124, 193
-39, -123, 153
-57, -52, 182
-57, -52, 182
-53, 37, 203
-38, 92, 140
-38, 129, 69
-47, 146, 5
-47, 146, 5
-48, 151, -41
-29, 143, -31
-11, 167, -34
-11, 167, -34
-5, 182, -44
3, 137, -41
14, 2, 25
14, 2, 25
11, -98, 168
50, -150, 315
131, -143, 456
219, -87, 619
219, -87, 619
265, -64, 910
308, -49, 1268
401, -26, 1637
495, 36, 1818
588, 69, 1987
588, 69, 1987
628, 30, 1998
671, 87, 1998
700, 33, 1998
750, 75, 1998
787, 98, 1998
787, 98, 1998
793, 126, 1998
782, 148, 1998
732, 142, 1998
653, 107, 1875
541, 12, 1623
413, -92, 1305
252, -169, 947
252, -169, 947
85, -199, 608
-39, -132, 333
-,-,-
411, 314, 438
388, 350, 163
388, 350, 163
400, 334, -69
365, 198, -151
364, 72, -44
402, -65, 164
452, -159, 379
491, -310, 607
491, -310, 607
498, -301, 872
486, -195, 1128
472, -218, 1363
426, -208, 1582
372, -135, 1739
304, -107, 1845
274, -144, 1919
232, -140, 1998
188, -123, 1949
220, -111, 1886
286, -164, 1997
353, -132, 1998
426, -27, 1998
426, -27, 1998
481, -19, 1998
500, -46, 1983
471, -16, 1914
446, 20, 1741
382, -57, 1549
305, -105, 1402
225, -156, 1192
147, -174, 984
74, -170, 805
74, -170, 805
16, -173, 628
-19, -142, 507
-40, -46, 429
-49, 35, 361
-49, 35, 289
-56, 67, 289
-62, 76, 212
-59, 94, 212
-49, 126, 191
-49, 126, 191
-42, 148, 152
-39, 152, 118
-20, 171, 68
19, 209, 17
19, 209, 17
48, 227, 6
49, 177, 11
57, 72, 37
57, 72, 37
69, -24, 40
93, -52, 90
93, -52, 90
147, -44, 223
171, -68, 398
188, -118, 597
231, -173, 933
231, -173, 933
269, -151, 1281
296, -184, 1610
308, -182, 1833
357, -170, 1962
367, -277, 1998
439, -165, 1998
499, -111, 1998
566, -106, 1998
599, -57, 1998
627, -13, 1998
617, 17, 1998
561, -11, 1998
561, -11, 1998
490, -55, 1952
403, -120, 1691
304, -160, 1368
200, -168, 1046
88, -176, 772
0, -198, 587
-85, -249, 399
-,-,-
310, 242, 643
307, 187, 453
310, 189, 304
343, 231, 365
281, 146, 312
235, -96, 265
235, -96, 265
201, -312, 245
210, -384, 315
224, -534, 510
274, -570, 818
323, -454, 1033
339, -305, 1070
352, -293, 1184
381, -342, 1383
411, -375, 1571
394, -310, 1655
394, -310, 1655
424, -201, 1808
444, -250, 1920
449, -317, 1995
465, -330, 1998
491, -350, 1998
521, -439, 1998
522, -467, 1998
509, -395, 1998
478, -398, 1998
418, -470, 1944
338, -525, 1701
276, -551, 1502
232, -510, 1285
158, -458, 980
75, -372, 622
75, -372, 622
0, -347, 321
-72, -273, 147
-122, -155, 14
-147, -98, -42
-158, -82, 17
-149, -49, 63
-149, -49, 63
-122, 13, 70
-95, 85, 43
-70, 121, 20
-70, 121, 20
-46, 140, 2
-7, 175, -8
39, 212, 56
39, 212, 56
89, 216, 87
116, 161, 110
116, 37, 103
116, 37, 103
151, -38, 160
201, -88, 286
226, -166, 483
225, -220, 695
226, -307, 928
212, -316, 1151
201, -316, 1331
201, -355, 1331
191, -456, 1629
195, -504, 1955
198, -576, 1998
259, -473, 1998
302, -501, 1998
373, -518, 1998
439, -463, 1998
506, -360, 1998
555, -273, 1998
569, -233, 1998
563, -186, 1998
491, -196, 1903
400, -258, 1633
301, -309, 1253
176, -328, 876
176, -328, 876
35, -328, 477
-124, -346, 106
-224, -373, -14
-,-,-
241, 242, 623
277, 196, 573
237, 240, 552
257, 288, 497
275, 320, 371
275, 320, 371
269, 259, 156
265, 137, -62
262, 5, -135
304, -106, -96
408, -260, 56
408, -260, 56
490, -339, 533
564, -385, 900
610, -398, 1122
618, -426, 1396
597, -399, 1703
560, -344, 1812
523, -344, 1839
468, -389, 1961
534, -310, 1998
578, -350, 1998
606, -363, 1998
619, -351, 1998
633, -381, 1998
633, -381, 1998
640, -381, 1998
619, -327, 1901
579, -323, 1772
486, -322, 1683
426, -308, 1596
373, -355, 1469
310, -375, 1334
234, -392, 1121
190, -343, 908
137, -311, 647
81, -236, 449
35, -155, 324
35, -155, 324
-4, -100, 258
-20, -39, 124
-44, -2, 33
-62, 33, 26
-62, 33, 26
-67, 61, 1
-58, 85, -48
-48, 91, -74
-48, 91, -74
-17, 113, -13
22, 163, 71
71, 184, 127
71, 184, 127
100, 145, 102
120, 53, 168
144, -40, 310
184, -58, 424
184, -58, 424
210, -89, 487
256, -183, 646
270, -287, 887
265, -307, 1180
291, -323, 1476
340, -355, 1801
368, -450, 1998
398, -535, 1998
441, -550, 1998
482, -585, 1998
533, -503, 1998
533, -503, 1998
566, -380, 1998
556, -353, 1998
516, -321, 1998
438, -320, 1853
350, -304, 1488
257, -286, 1113
-,-,-
327, 211, 675
327, 211, 675
312, 267, 614
349, 282, 458
343, 232, 347
348, 146, 328
340, 22, 386
340, 22, 386
348, -118, 437
362, -226, 417
390, -301, 382
401, -321, 486
421, -400, 671
436, -427, 809
436, -427, 778
444, -367, 778
437, -447, 820
457, -478, 1187
482, -370, 1554
499, -342, 1620
538, -424, 1772
567, -487, 1942
616, -551, 1998
636, -556, 1998
680, -583, 1998
661, -577, 1998
579, -547, 1998
468, -520, 1943
384, -607, 1752
384, -607, 1752
311, -682, 1581
263, -653, 1316
178, -616, 995
111, -538, 778
82, -416, 573
48, -301, 374
9, -202, 206
-14, -94, 134
-14, -94, 134
-28, -11, 58
-35, 53, 38
-32, 90, -26
-32, 90, -26
-38, 114, -111
-44, 141, -142
-36, 154, -81
-27, 183, -13
-24, 172, 3
-24, 172, 3
-21, 93, -6
-20, -25, 17
-6, -111, 122
-6, -111, 122
36, -182, 301
83, -242, 448
153, -299, 686
220, -411, 994
282, -421, 1296
343, -383, 1532
447, -347, 1793
466, -501, 1998
558, -439, 1998
558, -439, 1998
606, -472, 1998
623, -562, 1998
636, -559, 1998
634, -541, 1998
598, -522, 1998
545, -501, 1998
463, -500, 1792
347, -477, 1321
237, -465, 909
-,-,-
249, 123, 673
242, 161, 531
267, 183, 440
276, 188, 341
284, 164, 394
284, 164, 394
282, 43, 417
297, -61, 465
331, -125, 488
340, -168, 520
346, -184, 506
346, -184, 506
349, -229, 564
380, -316, 747
387, -370, 891
388, -353, 1009
414, -413, 1139
428, -519, 1406
459, -502, 1759
499, -410, 1861
561, -390, 1896
605, -465, 1998
605, -439, 1998
576, -528, 1998
576, -547, 1998
576, -547, 1998
544, -534, 1997
474, -519, 1914
413, -524, 1762
348, -561, 1602
299, -592, 1482
250, -572, 1331
208, -536, 1173
165, -464, 999
132, -388, 855
102, -350, 689
61, -301, 478
12, -213, 305
12, -213, 305
-20, -121, 227
-39, -70, 157
-70, -10, 79
-88, 51, 39
-88, 51, 39
-92, 98, 36
-97, 122, 53
-82, 127, 102
-82, 127, 102
-65, 151, 76
-49, 189, 103
-25, 180, 193
-11, 123, 204
8, 71, 212
8, 71, 212
40, 8, 255
76, -95, 392
76, -95, 392
92, -175, 544
133, -214, 646
172, -253, 705
203, -330, 841
270, -449, 1026
346, -528, 1354
440, -579, 1745
440, -579, 1745
523, -723, 1998
649, -618, 1998
715, -570, 1998
727, -515, 1998
692, -471, 1998
627, -459, 1998
527, -522, 1998
405, -587, 1893
294, -624, 1547
-,-,-
288, 189, 425
316, 189, 347
316, 175, 347
338, 131, 225
324, 51, 246
322, -100, 321
362, -244, 492
388, -325, 637
388, -325, 637
412, -377, 722
447, -398, 813
473, -428, 1045
488, -480, 1221
501, -415, 1194
500, -459, 1205
523, -631, 1481
498, -657, 1765
581, -556, 1935
618, -582, 1998
640, -644, 1998
650, -525, 1998
652, -475, 1998
652, -475, 1998
630, -555, 1998
580, -578, 1990
514, -548, 1808
453, -564, 1612
390, -594, 1479
319, -598, 1357
265, -581, 1159
234, -506, 978
200, -435, 763
149, -365, 593
106, -270, 444
73, -164, 265
73, -164, 265
47, -90, 119
16, -23, 3
-14, 20, -10
-14, 20, -10
-35, 28, 72
-39, 61, 106
-29, 114, 62
-29, 110, 82
-29, 110, 82
-17, 99, 156
-9, 97, 198
0, 68, 214
0, 68, 214
16, 2, 232
37, -73, 298
37, -73, 298
62, -128, 393
95, -173, 559
112, -277, 698
130, -332, 830
185, -279, 981
185, -279, 981
233, -337, 1107
275, -437, 1314
344, -467, 1546
341, -609, 1707
404, -520, 1934
452, -501, 1998
485, -592, 1998
487, -573, 1998
493, -558, 1998
472, -563, 1998
431, -547, 1998
385, -524, 1842
306, -514, 1505
238, -507, 1286
-,-,-
338, 280, 901
355, 279, 758
407, 316, 694
388, 273, 622
392, 173, 587
392, 173, 587
380, 128, 622
364, 107, 607
388, 66, 487
362, 27, 204
370, -31, 217
370, -31, 217
399, -102, 336
429, -161, 439
441, -224, 376
470, -368, 435
499, -520, 697
475, -567, 958
497, -481, 985
497, -481, 985
486, -592, 1097
462, -680, 1436
477, -638, 1760
521, -671, 1939
540, -772, 1998
576, -711, 1998
575, -678, 1998
597, -783, 1998
580, -746, 1998
542, -635, 1987
496, -609, 1791
445, -647, 1617
389, -638, 1463
344, -539, 1281
344, -539, 1281
287, -489, 1102
246, -488, 937
198, -430, 719
160, -383, 602
116, -324, 479
87, -240, 312
50, -144, 198
15, -58, 119
15, -58, 119
-10, 16, 58
-47, 60, -16
-63, 77, -40
-63, 77, -40
-79, 87, -20
-74, 68, 20
-41, 119, 116
0, 225, 212
0, 225, 212
17, 234, 265
30, 141, 324
47, 71, 360
47, 71, 360
76, 8, 354
91, -62, 370
91, -62, 370
108, -135, 534
131, -235, 687
149, -357, 870
153, -406, 1026
183, -450, 1133
239, -526, 1267
299, -585, 1478
308, -688, 1816
349, -711, 1992
420, -687, 1998
420, -687, 1998
475, -693, 1998
518, -632, 1998
523, -558, 1998
499, -596, 1998
464, -601, 1996
385, -575, 1771
287, -553, 1369
178, -557, 964
-,-,-
388, 195, 439
388, 195, 439
389, 306, 626
457, 278, 535
434, 158, 318
466, 101, 380
480, 21, 427
480, 21, 427
484, -128, 461
523, -247, 519
568, -299, 690
594, -290, 763
582, -360, 754
578, -458, 876
578, -458, 876
576, -533, 1105
542, -543, 1265
485, -498, 1325
461, -547, 1433
420, -693, 1722
385, -700, 1989
473, -676, 1998
459, -678, 1998
467, -670, 1998
454, -637, 1998
432, -624, 1998
373, -640, 1979
337, -647, 1858
294, -643, 1604
248, -629, 1388
225, -600, 1145
225, -600, 1145
201, -510, 835
168, -392, 598
132, -328, 441
103, -243, 358
74, -144, 268
43, -74, 118
14, -13, 0
14, -13, 0
-18, 53, -57
-45, 124, -54
-63, 152, -74
-63, 152, -74
-76, 137, -145
-75, 159, -97
-55, 201, -5
-26, 207, 88
-26, 207, 88
-8, 194, 156
9, 166, 182
37, 77, 199
37, 77, 199
64, -55, 318
81, -138, 514
99, -112, 593
110, -252, 660
153, -375, 847
153, -375, 847
177, -463, 988
187, -501, 1153
206, -552, 1277
220, -692, 1527
220, -857, 1655
287, -787, 1813
298, -850, 1970
319, -944, 1998
410, -876, 1998
464, -747, 1998
511, -612, 1998
545, -570, 1998
529, -534, 1991
481, -535, 1805
481, -535, 1805
419, -510, 1549
340, -481, 1245
235, -467, 962
118, -430, 730
-,-,-
259, 86, 287
259, 86, 287
272, 172, 312
318, 183, 322
312, 64, 264
348, -74, 316
348, -74, 316
356, -181, 333
375, -233, 321
404, -255, 325
456, -334, 479
471, -437, 690
528, -450, 1016
563, -477, 1217
594, -447, 1553
606, -386, 1838
606, -430, 1882
606, -430, 1882
589, -572, 1989
642, -521, 1998
636, -551, 1998
627, -520, 1998
631, -611, 1998
565, -639, 1998
483, -562, 1998
413, -589, 1872
363, -628, 1687
292, -656, 1576
232, -611, 1394
198, -557, 1180
156, -489, 921
112, -405, 719
112, -405, 719
71, -321, 551
28, -240, 345
-16, -168, 115
-63, -113, -39
-88, -34, -47
-81, 67, -37
-81, 67, -37
-82, 123, -31
-72, 166, -14
-46, 175, -17
-6, 174, -41
-6, 174, -41
27, 184, 11
75, 205, 83
139, 205, 134
196, 111, 137
196, 111, 137
237, 11, 181
293, -54, 318
347, -111, 496
376, -160, 667
386, -266, 788
386, -266, 788
376, -414, 908
366, -533, 1160
331, -577, 1392
304, -673, 1729
311, -686, 1941
290, -723, 1998
356, -758, 1998
410, -790, 1998
455, -659, 1998
482, -554, 1998
511, -550, 1998
500, -509, 1998
453, -499, 1903
372, -529, 1549
264, -556, 1187
264, -556, 1187
145, -577, 862
28, -532, 602
-,-,-
293, 22, 616
287, -66, 550
306, -157, 520
294, -197, 419
331, -240, 504
331, -240, 504
367, -242, 765
379, -257, 795
410, -330, 763
446, -466, 856
444, -503, 1067
438, -482, 1176
412, -507, 1208
407, -582, 1264
379, -626, 1407
385, -614, 1657
385, -614, 1657
390, -652, 1865
433, -667, 1997
459, -662, 1998
484, -587, 1998
502, -640, 1998
460, -680, 1998
424, -653, 1998
381, -640, 1858
322, -680, 1675
258, -726, 1524
209, -685, 1296
172, -667, 1057
136, -600, 828
109, -463, 585
88, -317, 419
88, -317, 419
67, -190, 285
44, -97, 141
11, -34, 25
-27, -5, -26
-27, -5, -26
-41, 26, -33
-49, 57, -74
-53, 67, -72
-53, 67, -72
-54, 95, -18
-34, 109, 59
-15, 127, 63
-4, 97, 72
-4, 97, 72
1, 27, 134
38, -35, 160
38, -35, 160
88, -93, 242
114, -178, 347
127, -242, 492
160, -230, 712
220, -285, 870
220, -285, 870
256, -395, 1045
269, -450, 1358
288, -462, 1602
318, -548, 1857
346, -605, 1977
391, -546, 1998
435, -624, 1998
445, -677, 1998
495, -564, 1998
538, -443, 1998
526, -428, 1998
499, -441, 1998
458, -444, 1796
381, -479, 1340
287, -480, 936
287, -480, 936
162, -460, 571
23, -380, 306
-,-,-
299, 258, 495
299, 258, 495
281, 144, 564
267, 18, 559
268, -41, 605
288, -56, 681
325, -48, 693
325, -48, 693
358, -109, 648
380, -96, 781
399, -99, 984
412, -50, 1049
436, -97, 1190
418, -171, 1442
414, -30, 1636
414, -30, 1636
442, 118, 1877
498, 100, 1980
518, 163, 1998
512, 301, 1998
542, 281, 1998
551, 244, 1998
521, 258, 1998
485, 218, 1998
485, 218, 1998
464, 156, 1998
436, 68, 1934
381, 8, 1720
338, -32, 1449
280, -67, 1261
237, -93, 1091
237, -93, 1091
221, -71, 842
185, -82, 619
155, -53, 450
117, 12, 312
85, 29, 166
85, 29, 166
83, 81, 98
59, 185, 107
26, 137, 54
26, 137, 54
1, 90, -18
-11, 118, -56
-11, 118, -56
-24, 124, -45
-21, 149, -36
-3, 222, 8
42, 256, 62
42, 256, 62
81, 259, 118
111, 265, 259
136, 250, 337
146, 163, 401
146, 163, 401
140, 58, 460
143, 5, 531
157, -62, 630
163, -147, 767
163, -147, 767
161, -177, 936
165, -191, 1119
177, -224, 1344
213, -187, 1545
254, -171, 1780
160, -292, 1998
185, -123, 1998
232, -17, 1998
233, 2, 1998
233, 2, 1998
240, 31, 1998
240, -10, 1998
252, -65, 1998
255, -71, 1945
225, -102, 1682
180, -152, 1373
137, -187, 1094
67, -195, 847
67, -195, 847
-11, -213, 558
-,-,-
272, 187, 452
292, 227, 419
328, 269, 366
327, 230, 294
367, 131, 293
367, 131, 293
376, 6, 366
381, -156, 520
434, -249, 553
485, -327, 603
490, -391, 843
479, -367, 1057
513, -266, 1024
513, -266, 1024
603, -170, 1091
632, -115, 1429
639, -135, 1685
658, -149, 1842
695, -196, 1987
743, -116, 1998
726, -97, 1998
752, -101, 1998
759, -129, 1998
711, -101, 1998
644, -106, 1987
618, -170, 1771
550, -296, 1618
464, -364, 1506
392, -354, 1361
392, -354, 1361
330, -339, 1095
287, -307, 811
226, -271, 547
160, -209, 377
91, -176, 244
50, -129, 85
8, -97, -31
8, -97, -31
-50, -71, -64
-86, -37, -73
-103, 30, -55
-106, 85, -30
-106, 85, -30
-111, 100, 11
-96, 130, 57
-65, 114, 122
-49, 103, 237
-33, 107, 435
-33, 107, 435
-5, 91, 555
31, 44, 584
59, -9, 685
59, -9, 685
69, -68, 893
78, -75, 1006
104, -75, 1027
98, -169, 1129
98, -169, 1129
107, -165, 1351
128, -169, 1568
135, -178, 1802
191, -157, 1913
218, -151, 1998
234, -144, 1998
239, -87, 1998
232, -104, 1998
217, -115, 1998
188, -123, 1911
-,-,-
342, 133, 675
361, 163, 556
353, 183, 596
392, 147, 494
392, 147, 494
410, 156, 442
429, 145, 452
452, 50, 428
466, -18, 450
461, -70, 512
461, -70, 512
455, -162, 507
465, -253, 455
462, -338, 547
458, -410, 724
416, -475, 920
412, -439, 1140
408, -500, 1398
365, -492, 1797
365, -492, 1797
338, -353, 1977
421, -425, 1998
376, -445, 1998
363, -382, 1998
415, -262, 1998
451, -283, 1998
415, -364, 1998
354, -396, 1952
313, -416, 1671
272, -449, 1395
255, -478, 1115
205, -471, 891
168, -393, 732
154, -328, 571
154, -328, 571
138, -267, 397
106, -218, 258
66, -169, 137
33, -118, 27
-4, -96, 7
-4, -96, 7
-33, -55, 0
-48, -3, 0
-48, -3, 0
-76, 33, -13
-77, 44, 8
-82, 54, 73
-82, 54, 73
-69, 32, 148
-76, -39, 268
-73, -93, 419
-73, -93, 419
-48, -81, 476
-45, -105, 579
-43, -154, 731
-18, -203, 861
3, -235, 993
34, -277, 1158
34, -277, 1158
53, -300, 1323
65, -343, 1610
133, -330, 1841
112, -420, 1998
123, -369, 1998
-,-,-
352, 194, 610
352, 194, 610
351, 167, 640
399, 56, 535
428, -27, 281
424, -140, 281
471, -358, 438
470, -459, 659
470, -459, 659
507, -434, 713
591, -422, 667
645, -522, 802
667, -620, 1160
695, -590, 1601
753, -469, 1907
748, -419, 1998
720, -299, 1998
664, -416, 1998
629, -508, 1998
581, -581, 1998
511, -569, 1998
511, -569, 1998
477, -575, 1974
443, -642, 1757
364, -670, 1551
307, -627, 1345
264, -555, 1119
227, -502, 909
208, -458, 732
152, -399, 591
125, -312, 468
95, -226, 369
67, -149, 271
67, -149, 271
44, -78, 150
11, -30, 28
-11, -8, -68
-11, -8, -68
-43, 24, -102
-78, 97, -73
-99, 152, -52
-102, 161, -40
-101, 127, -17
-101, 127, -17
-102, 63, 64
-104, 2, 219
-92, -61, 334
-69, -116, 505
-30, -148, 714
-8, -194, 918
-8, -194, 918
18, -252, 1115
85, -335, 1296
122, -407, 1441
163, -399, 1568
192, -333, 1697
238, -292, 1829
248, -309, 1958
214, -343, 1993
218, -331, 1998
188, -427, 1997
153, -454, 1927
153, -454, 1927
-,-,-
292, 249, 240
310, 82, 281
310, 82, 281
344, -71, 360
385, -123, 369
445, -91, 346
475, -286, 476
483, -484, 793
483, -484, 793
492, -407, 1111
542, -399, 1244
558, -451, 1455
536, -363, 1796
536, -202, 1998
555, -212, 1998
577, -310, 1998
513, -286, 1998
563, -203, 1998
590, -242, 1998
515, -288, 1998
465, -298, 1998
408, -385, 1803
318, -458, 1558
254, -442, 1350
181, -438, 1166
181, -438, 1166
142, -474, 943
89, -457, 696
44, -384, 505
-2, -294, 348
-41, -178, 211
-62, -150, 163
-91, -157, 63
-91, -157, 63
-113, -124, 22
-131, -87, -12
-134, -59, -46
-127, 9, -62
-125, 81, -1
-125, 81, -1
-113, 71, 36
-93, 8, 82
-78, -44, 228
-78, -44, 374
-80, -73, 374
-52, -39, 391
-9, -68, 493
10, -169, 730
29, -236, 962
29, -236, 962
64, -226, 1128
128, -268, 1260
189, -296, 1425
209, -284, 1611
228, -320, 1735
267, -368, 1981
282, -368, 1998
274, -305, 1998
236, -347, 1998
193, -381, 1998
168, -384, 1998
119, -404, 1991
67, -406, 1772
67, -406, 1772
8, -422, 1482
-46, -455, 1274
-108, -471, 1043
-174, -440, 801
-,-,-
171, 157, 631
239, 168, 609
281, 185, 553
281, 185, 553
294, 74, 558
324, -89, 656
353, -141, 694
404, -75, 599
449, -76, 468
449, -76, 468
484, -186, 586
520, -320, 806
527, -319, 915
530, -327, 1110
532, -389, 1442
513, -467, 1819
483, -393, 1963
486, -323, 1998
523, -247, 1998
475, -360, 1998
431, -434, 1998
451, -375, 1998
451, -375, 1998
470, -370, 1998
441, -426, 1912
363, -416, 1707
302, -391, 1515
265, -415, 1319
254, -466, 1125
226, -452, 967
223, -361, 814
208, -277, 589
190, -206, 401
156, -157, 269
120, -113, 120
120, -113, 120
81, -32, -31
34, 27, -83
-7, 13, -85
-57, 18, -61
-57, 18, -61
-92, 29, -50
-108, 14, -7
-112, -9, 16
-112, -9, 16
-120, -61, 89
-141, -104, 222
-150, -181, 379
-144, -237, 551
-122, -161, 675
-87, -242, 771
-65, -390, 1009
-27, -473, 1326
-44, -462, 1619
-23, -343, 1875
-23, -343, 1875
38, -318, 1901
44, -422, 1998
20, -331, 1998
11, -332, 1998
-5, -425, 1998
-29, -407, 1998
-54, -403, 1967
-91, -447, 1748
-134, -526, 1538
-189, -515, 1450
-221, -470, 1271
-,-,-
352, 236, 284
352, 236, 284
320, 200, 267
307, 180, 343
349, 192, 283
369, 131, 40
369, 131, 40
372, -35, 20
370, -249, 279
344, -278, 530
374, -231, 516
381, -379, 594
349, -570, 949
349, -570, 949
327, -555, 1285
381, -509, 1485
404, -480, 1828
402, -424, 1998
453, -316, 1998
495, -451, 1998
533, -430, 1998
512, -404, 1998
488, -413, 1998
449, -510, 1998
407, -521, 1998
374, -498, 1902
306, -519, 1780
255, -547, 1662
216, -531, 1486
216, -531, 1486
182, -504, 1321
159, -468, 1115
122, -391, 955
94, -381, 815
66, -317, 631
22, -237, 581
-6, -225, 562
-30, -183, 458
-30, -183, 458
-50, -60, 360
-72, 53, 374
-89, 48, 308
-114, 21, 233
-121, 40, 148
-121, 40, 148
-119, 84, 45
-128, 152, -23
-123, 221, 59
-107, 237, 144
-77, 263, 148
-77, 263, 148
-60, 240, 126
-69, 154, 159
-50, 94, 204
-46, 45, 321
-46, 45, 321
-29, 17, 372
-9, -59, 420
-13, -185, 563
-14, -272, 719
10, -283, 859
10, -283, 859
19, -323, 1002
18, -399, 1161
34, -448, 1453
52, -509, 1681
79, -549, 1801
88, -595, 1981
102, -562, 1998
111, -557, 1998
111, -557, 1998
112, -604, 1998
82, -535, 1998
62, -486, 1998
42, -535, 1998
11, -607, 1998
4, -620, 1943
16, -576, 1602
0, -548, 1263
0, -548, 1263
-17, -449, 1013
-30, -295, 698
-100, -170, 466
-,-,-
130, -33, 460
133, -192, 491
197, -193, 417
197, -193, 417
274, -85, 364
314, -206, 369
347, -328, 663
375, -352, 974
425, -375, 997
432, -450, 1030
411, -489, 1368
422, -394, 1539
463, -388, 1680
457, -405, 1959
457, -405, 1959
406, -383, 1998
399, -357, 1998
374, -447, 1998
331, -546, 1998
300, -499, 1998
299, -480, 1998
268, -532, 1998
202, -562, 1974
161, -592, 1748
140, -590, 1428
125, -571, 1204
108, -549, 1009
109, -461, 804
115, -324, 621
105, -217, 420
105, -217, 420
97, -139, 194
69, -58, 28
30, -8, -35
-15, 10, -76
-15, 10, -76
-50, 45, -124
-78, 88, -140
-108, 129, -109
-121, 137, -58
-127, 130, -90
-128, 97, -61
-128, 97, -61
-146, 14, 64
-147, -115, 172
-135, -168, 256
-128, -160, 425
-140, -216, 581
-115, -303, 677
-75, -365, 870
-53, -388, 1175
-43, -411, 1394
-43, -411, 1394
-10, -455, 1596
61, -414, 1735
111, -399, 1893
91, -487, 1998
83, -473, 1998
67, -561, 1998
15, -697, 1998
-7, -656, 1998
-30, -636, 1998
-,-,-
262, 121, 742
262, 121, 742
290, 15, 672
272, -174, 782
279, -319, 855
297, -299, 792
310, -289, 904
319, -396, 1065
316, -412, 1207
306, -399, 1283
306, -399, 1283
308, -500, 1282
271, -519, 1397
245, -505, 1580
217, -529, 1671
192, -668, 1886
179, -692, 1984
209, -656, 1998
185, -661, 1998
142, -683, 1998
143, -675, 1998
132, -632, 1992
127, -624, 1823
80, -599, 1656
31, -603, 1566
17, -589, 1431
17, -589, 1431
16, -548, 1196
4, -502, 952
-22, -410, 803
-36, -299, 685
-50, -181, 615
-24, -120, 498
-31, -92, 346
-31, -92, 346
-43, -37, 259
-63, 33, 247
-73, 71, 223
-83, 75, 116
-83, 75, 116
-98, 90, 59
-106, 117, 8
-108, 150, -6
-108, 150, -6
-105, 201, -11
-98, 225, 24
-89, 139, 36
-80, 66, 91
-80, 66, 91
-50, 20, 204
-12, -17, 369
11, -36, 505
25, -151, 567
25, -151, 567
37, -296, 682
46, -340, 895
68, -312, 1006
98, -465, 1024
101, -580, 1286
119, -601, 1523
150, -617, 1607
150, -617, 1607
150, -692, 1697
183, -680, 1838
196, -724, 1893
186, -696, 1995
190, -712, 1998
146, -760, 1998
140, -712, 1998
150, -616, 1986
122, -616, 1845
91, -635, 1756
54, -621, 1627
8, -583, 1417
-17, -525, 1260
-17, -525, 1260
-61, -487, 1102
-,-,-
329, 205, 804
316, 86, 773
352, -28, 705
362, -128, 628
397, -112, 651
416, -158, 718
441, -378, 816
441, -378, 816
468, -416, 982
484, -474, 1045
528, -470, 1257
564, -441, 1471
550, -374, 1617
542, -415, 1829
523, -505, 1994
569, -368, 1998
528, -325, 1998
501, -373, 1998
450, -392, 1998
386, -410, 1998
322, -499, 1998
255, -594, 1992
255, -594, 1992
211, -674, 1766
160, -690, 1438
107, -651, 1160
63, -609, 890
34, -577, 689
8, -489, 520
9, -362, 340
9, -362, 340
-10, -233, 180
-41, -144, 73
-74, -73, 48
-77, 10, 28
-77, 10, 28
-66, 81, -39
-68, 101, -124
-56, 130, -157
-51, 118, -93
-44, 108, 27
-44, 108, 27
-26, 76, 93
-6, 19, 129
19, -47, 179
19, -47, 179
51, -133, 324
94, -163, 478
88, -217, 663
70, -274, 844
70, -274, 844
78, -354, 1071
77, -452, 1285
69, -471, 1472
50, -528, 1637
39, -585, 1779
37, -629, 1921
58, -612, 1998
58, -612, 1998
48, -561, 1998
69, -527, 1998
84, -515, 1998
64, -534, 1998
51, -487, 1998
37, -486, 1953
4, -527, 1718
-26, -561, 1456
-26, -561, 1456
-76, -590, 1287
-,-,-
226, 114, 686
288, 94, 478
288, 94, 478
337, -24, 288
337, -203, 344
357, -203, 624
450, -52, 635
532, -150, 627
551, -348, 762
551, -348, 762
587, -494, 888
651, -486, 895
687, -423, 1023
714, -417, 1377
723, -330, 1690
724, -259, 1698
680, -337, 1653
636, -382, 1737
636, -325, 1951
598, -331, 1998
580, -367, 1998
572, -391, 1998
504, -421, 1998
443, -451, 1998
443, -451, 1998
412, -533, 1958
317, -646, 1971
220, -626, 1865
162, -662, 1683
102, -717, 1516
86, -722, 1284
75, -670, 1027
58, -606, 794
38, -514, 509
33, -391, 292
33, -391, 292
20, -261, 137
-8, -166, 40
-44, -86, -24
-72, -34, -44
-80, -11, -77
-80, -11, -77
-92, 12, -87
-95, 69, -83
-88, 111, -52
-86, 68, 34
-86, 68, 34
-79, -22, 124
-59, -102, 224
-37, -159, 286
-2, -114, 409
-2, -114, 409
30, -81, 607
41, -180, 771
57, -277, 877
63, -317, 1031
51, -383, 1093
78, -383, 1158
78, -394, 1158
113, -439, 1269
139, -503, 1410
121, -599, 1540
139, -533, 1713
151, -546, 1788
171, -564, 1849
182, -504, 1940
182, -546, 1998
148, -615, 1998
132, -594, 1998
117, -545, 1923
132, -508, 1839
85, -542, 1797
85, -542, 1797
-,-,-
405, 194, 707
397, 177, 845
397, 177, 845
434, 131, 747
477, 70, 570
456, -42, 518
446, -112, 519
449, -237, 434
449, -237, 434
446, -429, 519
432, -536, 691
424, -542, 774
443, -519, 814
425, -549, 996
385, -556, 1229
385, -484, 1359
388, -453, 1517
383, -455, 1825
338, -402, 1988
394, -294, 1998
394, -294, 1998
420, -413, 1998
396, -454, 1998
383, -413, 1998
386, -441, 1998
351, -507, 1998
284, -533, 1998
239, -557, 1927
193, -631, 1703
139, -736, 1552
106, -733, 1326
96, -676, 1042
66, -585, 809
26, -501, 642
26, -501, 642
9, -440, 464
5, -371, 248
-25, -292, 65
-69, -218, -4
-69, -218, -4
-103, -139, -34
-124, -61, -61
-130, 5, -134
-128, 55, -177
-135, 53, -147
-133, 25, -22
-124, -14, 97
-124, -14, 97
-131, -49, 156
-110, -113, 203
-77, -138, 326
-48, -126, 478
-31, -164, 592
-1, -267, 679
28, -382, 855
28, -382, 855
37, -424, 1091
74, -382, 1239
164, -364, 1298
212, -485, 1500
254, -453, 1728
293, -441, 1877
311, -444, 1970
329, -495, 1998
326, -515, 1998
297, -528, 1998
245, -609, 1998
245, -609, 1998
196, -648, 1998
163, -591, 1998
142, -549, 1885
115, -575, 1555
41, -598, 1312
-,-,-
308, 373, 578
330, 427, 530
377, 426, 496
382, 284, 429
385, 78, 611
378, -132, 725
378, -132, 725
394, -215, 651
415, -251, 556
403, -398, 724
386, -458, 939
378, -451, 931
392, -408, 856
366, -453, 890
326, -549, 1191
326, -549, 1191
319, -548, 1364
334, -493, 1453
355, -477, 1647
307, -481, 1936
380, -212, 1998
445, -296, 1998
451, -387, 1998
429, -333, 1998
399, -247, 1998
405, -335, 1998
349, -489, 1998
271, -521, 1998
232, -556, 1889
208, -612, 1598
182, -630, 1327
155, -564, 1070
147, -470, 833
147, -470, 833
116, -396, 596
77, -326, 396
40, -262, 238
-2, -252, 198
-35, -232, 163
-65, -183, 108
-65, -183, 108
-97, -142, 42
-122, -82, -15
-132, -35, -25
-146, -31, -56
-156, -16, -24
-169, 25, 9
-169, 25, 9
-158, 2, 59
-131, -64, 95
-107, -98, 184
-78, -83, 282
-78, -83, 282
-63, -128, 381
-41, -192, 554
-3, -177, 721
31, -153, 846
71, -234, 993
73, -318, 1154
73, -318, 1154
95, -327, 1337
162, -317, 1463
207, -337, 1622
228, -460, 1837
270, -372, 1978
293, -367, 1998
303, -423, 1998
294, -440, 1998
310, -351, 1998
281, -391, 1998
235, -433, 1998
185, -483, 1998
149, -537, 1959
88, -538, 1642
88, -538, 1642
40, -521, 1420
-36, -555, 1235
-,-,-
353, -35, 561
353, -35, 561
334, -108, 791
395, -61, 806
454, -167, 610
491, -370, 728
491, -526, 967
480, -477, 1201
480, -461, 1219
449, -486, 1490
437, -455, 1738
437, -455, 1738
472, -420, 1951
402, -516, 1998
399, -418, 1998
423, -470, 1998
397, -479, 1998
395, -404, 1998
407, -377, 1998
373, -432, 1998
316, -430, 1998
295, -455, 1835
273, -503, 1510
225, -524, 1187
184, -468, 949
166, -383, 747
140, -311, 528
140, -311, 528
111, -259, 324
51, -151, 186
10, -101, 117
-20, -106, 73
-64, -106, 83
-83, -61, 80
-83, -61, 80
-102, -20, 48
-111, -2, -7
-105, 60, 0
-105, 60, 0
-93, 96, 71
-90, 70, 141
-71, 58, 229
-71, 58, 229
-62, 22, 265
-63, -50, 338
-41, -85, 432
-15, -88, 495
-15, -88, 495
0, -145, 493
9, -205, 620
22, -268, 882
12, -290, 1063
26, -346, 1131
26, -346, 1131
64, -426, 1291
140, -395, 1446
177, -493, 1751
217, -478, 1997
282, -399, 1998
293, -409, 1998
296, -316, 1998
294, -283, 1998
268, -338, 1998
193, -399, 1998
138, -475, 1901
83, -517, 1565
-,-,-
146, 84, 635
213, 165, 520
230, 166, 635
245, 80, 693
245, 80, 693
263, 72, 750
265, -6, 724
302, -104, 630
361, -119, 571
361, -119, 571
392, -210, 669
413, -295, 843
410, -334, 956
441, -385, 991
449, -549, 992
452, -612, 1154
473, -527, 1428
479, -439, 1718
537, -351, 1946
528, -353, 1998
528, -353, 1998
550, -257, 1998
545, -342, 1998
533, -370, 1998
526, -394, 1998
475, -379, 1998
426, -359, 1959
368, -389, 1773
311, -465, 1583
220, -504, 1427
175, -494, 1323
140, -459, 1146
99, -445, 954
61, -429, 805
61, -429, 805
20, -347, 704
5, -277, 609
-14, -227, 506
-52, -183, 404
-75, -104, 407
-85, -57, 382
-85, -57, 382
-102, -43, 282
-140, -20, 216
-163, 16, 214
-164, 37, 197
-164, 63, 192
-168, 83, 171
-168, 83, 171
-166, 91, 202
-147, 123, 239
-127, 116, 333
-116, 59, 422
-116, 11, 444
-116, 11, 444
-90, 8, 468
-59, -19, 569
-50, -94, 725
-59, -125, 851
-45, -98, 845
-45, -98, 845
-13, -103, 826
-11, -231, 931
-12, -304, 1103
-26, -348, 1194
-37, -401, 1254
-18, -442, 1336
10, -450, 1439
21, -466, 1607
27, -542, 1860
27, -542, 1860
55, -472, 1998
107, -412, 1998
99, -383, 1998
99, -325, 1998
99, -345, 1998
76, -356, 1978
57, -374, 1831
-,-,-
277, 213, 954
361, 282, 667
389, 223, 560
359, 84, 636
337, -53, 720
337, -53, 720
334, -102, 672
327, -123, 592
354, -148, 491
385, -228, 591
358, -399, 855
335, -447, 1037
367, -372, 1012
367, -372, 1038
335, -389, 1038
300, -394, 1206
268, -332, 1468
193, -463, 1552
180, -386, 1631
196, -322, 1879
217, -334, 1998
189, -345, 1998
175, -297, 1998
229, -284, 1998
266, -348, 1998
249, -336, 1998
271, -279, 1998
281, -305, 1995
270, -307, 1838
229, -263, 1656
192, -285, 1438
192, -285, 1438
187, -347, 1163
126, -402, 985
78, -399, 814
52, -266, 672
35, -205, 511
8, -222, 323
-47, -243, 233
-47, -243, 233
-78, -207, 182
-101, -167, 155
-106, -100, 159
-104, -32, 101
-100, 44, 61
-88, 92, 35
-88, 92, 35
-72, 95, 58
-48, 84, 127
-7, 130, 150
-7, 130, 150
25, 232, 177
27, 202, 200
31, 130, 263
41, 31, 346
41, 31, 346
43, -55, 414
38, -55, 489
45, -83, 525
45, -83, 525
49, -194, 660
20, -337, 842
19, -349, 978
17, -390, 1084
6, -509, 1292
6, -509, 1292
39, -555, 1554
67, -551, 1771
74, -621, 1958
130, -436, 1998
169, -405, 1998
138, -393, 1998
127, -332, 1998
102, -374, 1998
68, -449, 1998
68, -449, 1998
34, -490, 1998
20, -511, 1894
16, -476, 1587
-10, -443, 1240
-42, -417, 1010
-103, -374, 863
-,-,-
343, 142, 555
343, 142, 555
316, 13, 582
351, -14, 688
395, -25, 658
405, -105, 769
409, -258, 878
401, -353, 922
401, -353, 922
388, -324, 841
407, -395, 754
393, -552, 825
320, -613, 1021
289, -527, 1075
239, -697, 1106
213, -674, 1302
141, -612, 1667
150, -540, 1827
175, -545, 1971
118, -547, 1998
109, -427, 1998
109, -427, 1998
165, -420, 1998
173, -556, 1998
132, -602, 1998
104, -573, 1998
89, -594, 1964
75, -638, 1695
56, -632, 1453
41, -575, 1197
27, -488, 1044
31, -432, 845
31, -432, 845
23, -396, 658
-13, -340, 570
-17, -245, 495
-20, -166, 414
-22, -142, 344
-54, -124, 285
-70, -82, 262
-70, -82, 262
-83, -45, 223
-92, -13, 204
-96, -3, 160
-91, 51, 74
-91, 51, 74
-96, 119, 43
-90, 148, 111
-80, 157, 211
-66, 129, 212
-66, 129, 212
-69, 83, 179
-65, 18, 249
-37, -14, 387
-25, -64, 578
-25, -64, 578
-20, -119, 691
-9, -167, 756
-8, -249, 842
-36, -336, 961
-51, -359, 1040
-71, -451, 1132
-73, -500, 1209
-80, -552, 1374
-80, -552, 1374
-67, -582, 1557
-70, -623, 1805
-69, -643, 1975
-11, -543, 1998
-5, -516, 1998
-,-,-
106, 342, 595
119, 300, 702
172, 346, 720
172, 346, 720
196, 305, 530
223, 213, 400
253, 140, 511
285, 115, 647
316, 122, 624
316, 122, 624
386, 79, 533
406, -45, 555
395, -249, 810
419, -326, 999
450, -285, 958
452, -230, 986
452, -230, 986
430, -289, 1157
392, -383, 1330
336, -415, 1445
350, -418, 1486
297, -517, 1633
270, -398, 1824
289, -265, 1909
312, -385, 1959
302, -472, 1998
287, -393, 1998
315, -354, 1998
319, -416, 1998
318, -451, 1998
306, -372, 1971
310, -366, 1765
310, -366, 1765
276, -384, 1606
246, -394, 1483
212, -399, 1303
206, -334, 1108
180, -329, 993
155, -268, 836
127, -231, 685
107, -192, 517
84, -131, 378
49, -73, 251
49, -73, 251
10, -14, 218
-13, -13, 162
-34, 1, 116
-34, 1, 116
-53, 14, 72
-59, 47, 68
-49, 105, 75
-49, 105, 75
-31, 118, 115
-4, 137, 167
12, 178, 243
12, 168, 350
12, 168, 350
10, 62, 405
18, -74, 388
30, -149, 482
30, -149, 482
20, -220, 659
21, -232, 763
39, -256, 810
43, -354, 924
43, -400, 1110
43, -400, 1110
50, -410, 1237
40, -487, 1385
54, -519, 1592
86, -427, 1695
97, -511, 1743
123, -491, 1904
116, -459, 1998
135, -453, 1998
183, -342, 1998
170, -327, 1998
160, -321, 1998
160, -321, 1998
123, -358, 1985
88, -404, 1878
-,-,-
403, 493, 785
423, 356, 489
373, 329, 437
368, 263, 423
365, 159, 254
365, 159, 254
364, -40, 301
345, -152, 410
352, -278, 448
341, -431, 466
327, -565, 613
293, -617, 843
293, -617, 843
282, -625, 929
302, -667, 1083
267, -700, 1291
236, -568, 1655
204, -648, 1833
265, -653, 1871
293, -621, 1968
263, -461, 1998
254, -410, 1998
287, -487, 1998
332, -433, 1998
309, -385, 1998
298, -410, 1998
301, -457, 1987
277, -516, 1967
277, -516, 1967
229, -477, 1854
196, -461, 1641
144, -507, 1527
89, -552, 1391
89, -523, 1223
57, -483, 1099
53, -391, 942
53, -319, 695
32, -274, 537
32, -274, 537
15, -214, 390
2, -126, 228
-26, -86, 166
-45, -32, 170
-58, 14, 160
-58, 14, 160
-55, 47, 53
-56, 56, -25
-59, 99, 0
-59, 99, 0
-31, 153, 0
3, 233, 19
3, 233, 19
35, 291, 63
34, 305, 179
34, 305, 179
32, 167, 194
42, 56, 255
64, 38, 338
64, 38, 338
95, 22, 490
101, -59, 681
96, -113, 853
96, -181, 940
96, -181, 940
86, -250, 995
74, -309, 1120
54, -377, 1274
45, -423, 1406
31, -456, 1569
18, -463, 1690
18, -463, 1791
9, -447, 1791
-31, -566, 1913
-3, -475, 1998
-15, -429, 1998
-15, -472, 1998
-21, -518, 1998
-13, -513, 1998
0, -404, 1987
-,-,-
235, 200, 512
241, 133, 588
241, 133, 588
320, 178, 613
399, 367, 656
409, 347, 646
415, 105, 689
411, -16, 841
411, -16, 841
416, -36, 941
426, -105, 913
418, -222, 816
366, -357, 850
329, -386, 959
306, -497, 881
267, -584, 934
267, -584, 934
186, -599, 1262
149, -667, 1548
165, -655, 1764
178, -718, 1984
226, -674, 1998
282, -620, 1998
305, -587, 1998
343, -490, 1998
421, -400, 1998
379, -363, 1998
328, -377, 1998
275, -444, 1918
208, -542, 1676
146, -568, 1549
110, -536, 1278
110, -536, 1278
88, -491, 982
64, -444, 724
34, -359, 480
-4, -295, 399
-18, -203, 283
-22, -98, 195
-22, -98, 195
-37, -79, 50
-63, -71, -21
-77, 3, -54
-84, 77, -56
-84, 77, -56
-80, 122, -94
-69, 140, -81
-65, 167, 20
-41, 224, 109
-41, 224, 109
2, 258, 132
45, 233, 149
40, 150, 245
37, 52, 407
37, 52, 407
66, 5, 431
88, -76, 499
88, -76, 499
80, -205, 657
87, -226, 827
102, -290, 963
107, -381, 1098
97, -450, 1276
95, -455, 1409
108, -504, 1553
108, -504, 1553
130, -564, 1701
169, -487, 1827
166, -472, 1924
177, -449, 1998
172, -477, 1998
168, -458, 1998
173, -401, 1998
157, -449, 1998
125, -465, 1998
137, -419, 1989
135, -385, 1774
106, -425, 1536
66, -426, 1361
21, -410, 1120
-37, -368, 950
-37, -368, 950
-84, -378, 865
-,-,-
167, 11, 591
199, -21, 467
230, -3, 345
236, 0, 331
236, 0, 331
259, -39, 331
312, -60, 432
325, -23, 322
248, -65, 115
242, -120, 181
242, -120, 181
259, -175, 427
266, -298, 486
194, -316, 483
144, -378, 599
96, -495, 785
68, -520, 867
54, -674, 1037
54, -674, 1037
63, -742, 1289
92, -656, 1539
14, -558, 1770
74, -474, 1984
211, -325, 1998
270, -238, 1998
290, -296, 1998
332, -249, 1998
346, -201, 1998
288, -382, 1998
229, -411, 1994
229, -411, 1994
211, -421, 1784
157, -452, 1490
140, -410, 1264
132, -350, 1075
82, -334, 918
26, -332, 810
-9, -258, 631
-28, -145, 477
-49, -27, 428
-49, -27, 428
-73, 29, 402
-82, 13, 384
-93, 2, 407
-112, -45, 370
-112, -45, 370
-118, -45, 321
-96, -6, 359
-79, -21, 331
-61, 29, 301
2, 152, 344
2, 152, 344
58, 227, 282
100, 227, 268
124, 223, 350
124, 223, 350
153, 209, 397
165, 138, 430
151, 43, 403
121, -6, 319
72, -114, 298
72, -114, 298
36, -206, 374
55, -255, 476
60, -351, 707
9, -353, 910
9, -353, 910
-73, -347, 960
-90, -420, 971
-113, -524, 1159
-152, -628, 1393
-145, -632, 1553
-74, -647, 1783
60, -595, 1988
233, -417, 1998
313, -396, 1998
358, -381, 1998
377, -374, 1998
379, -358, 1998
380, -331, 1995
339, -331, 1798
339, -319, 1798
243, -354, 1479
-,-,-
568, 200, 719
568, 200, 719
535, 144, 531
539, 99, 325
482, 0, 206
482, 0, 206
445, -165, 139
471, -258, 221
494, -307, 393
504, -250, 579
511, -262, 625
463, -411, 669
344, -478, 778
344, -478, 778
255, -470, 815
137, -615, 865
57, -748, 1107
21, -720, 1447
-32, -625, 1535
23, -653, 1577
71, -649, 1879
162, -526, 1998
223, -438, 1998
223, -438, 1998
240, -465, 1998
278, -534, 1998
294, -598, 1998
284, -674, 1998
242, -674, 1990
167, -664, 1733
69, -670, 1381
11, -655, 1131
-16, -604, 977
-38, -539, 768
-57, -423, 496
-82, -278, 282
-82, -278, 282
-81, -172, 192
-75, -125, 90
-59, -83, 14
-52, -47, -40
-36, -27, 34
-36, -27, 34
-25, -44, 75
-10, -50, 55
14, -19, 44
14, -19, 44
33, -13, 77
68, 13, 88
103, -20, 246
103, -20, 246
107, -80, 395
77, -146, 458
48, -193, 532
6, -251, 511
-55, -380, 535
-55, -380, 535
-107, -438, 603
-145, -462, 717
-189, -465, 870
-201, -508, 1022
-227, -553, 1168
-227, -600, 1346
-268, -827, 1620
-237, -836, 1943
-127, -765, 1998
1, -695, 1998
98, -582, 1998
129, -561, 1998
129, -573, 1998
112, -631, 1998
73, -677, 1924
-15, -712, 1643
-15, -712, 1354
-129, -779, 1354
-,-,-
418, 169, 418
439, 183, 429
380, 34, 363
402, -76, 315
379, -175, 233
377, -299, 379
377, -299, 379
386, -439, 556
405, -487, 669
381, -517, 705
327, -587, 811
291, -575, 866
304, -615, 1074
288, -717, 1389
269, -636, 1615
258, -471, 1818
171, -588, 1824
171, -588, 1998
200, -635, 1998
262, -596, 1998
282, -529, 1998
273, -472, 1998
259, -435, 1998
255, -471, 1998
226, -530, 1998
182, -552, 1989
126, -594, 1751
48, -625, 1367
0, -636, 1153
-18, -627, 1071
-36, -553, 851
-36, -553, 851
-36, -457, 566
-39, -356, 375
-23, -234, 329
3, -119, 298
21, -65, 198
29, -45, 113
29, -45, 113
32, -43, 65
18, -54, 21
-15, -72, -54
-15, -72, -54
-32, -94, -122
-32, -70, -103
-13, -58, -47
3, -96, 54
10, -153, 152
10, -153, 152
15, -225, 344
29, -224, 400
27, -228, 416
46, -313, 592
50, -329, 749
50, -329, 749
53, -324, 840
50, -388, 929
68, -430, 1146
96, -423, 1444
104, -448, 1649
171, -463, 1883
158, -443, 1950
158, -443, 1950
193, -446, 1998
194, -597, 1998
211, -553, 1998
238, -480, 1998
235, -465, 1998
182, -425, 1998
127, -451, 1951
60, -567, 1775
-27, -601, 1608
-158, -666, 1423
-261, -683, 1227
-,-,-
213, 239, 443
213, 239, 443
65, 104, 461
-2, 36, 518
-130, -49, 711
-328, -88, 890
-415, -171, 1053
-374, -162, 1138
-350, -96, 1221
-412, -136, 1421
-422, -114, 1535
-418, -114, 1545
-348, -79, 1635
-348, -79, 1635
-328, -80, 1804
-326, -11, 1896
-311, 27, 1986
-323, 34, 1998
-420, 44, 1998
-505, 32, 1998
-509, 46, 1998
-486, 24, 1992
-418, 60, 1869
-356, 68, 1713
-356, 68, 1713
-307, 34, 1602
-308, -10, 1465
-256, 5, 1312
-215, -16, 1156
-186, -29, 1000
-170, -8, 873
-146, -8, 750
-171, -8, 588
-171, -8, 588
-184, 0, 478
-178, 7, 348
-200, 3, 267
-180, 43, 160
-180, 43, 160
-195, 25, 106
-178, 7, 68
-114, -5, 64
-43, -17, 60
-43, -17, 60
10, -12, 24
28, 10, 4
28, 10, 4
5, -2, 97
11, -11, 188
11, -11, 188
-32, -51, 298
-60, -57, 459
-122, -55, 639
-110, -13, 819
-57, 46, 926
-57, 46, 926
-76, 61, 1079
-79, 77, 1264
-69, 156, 1411
-100, 177, 1600
-173, 152, 1837
-313, 81, 1989
-313, 81, 1998
-359, 124, 1998
-397, 160, 1998
-505, 129, 1998
-558, 122, 1998
-552, 120, 1998
-522, 116, 1931
-433, 158, 1777
-363, 159, 1669
-295, 128, 1538
-286, 108, 1370
-289, 107, 1281
-222, 73, 1161
-208, 26, 1011
-208, 48, 924
-208, 48, 924
-235, 16, 890
-,-,-
-133, 189, 570
-96, 159, 596
-13, 215, 633
-40, 183, 673
-149, 103, 710
-221, 79, 819
-318, 73, 968
-318, 73, 968
-338, 44, 1118
-279, 40, 1243
-322, 52, 1394
-394, 53, 1631
-393, 109, 1799
-420, 72, 1932
-509, 109, 1994
-647, 84, 1998
-647, 84, 1998
-774, 55, 1998
-912, -42, 1998
-946, -129, 1998
-871, -123, 1998
-718, -76, 1998
-580, -12, 1889
-482, 17, 1685
-373, 25, 1491
-259, 40, 1295
-188, 47, 1102
-129, 101, 898
-129, 101, 898
-96, 135, 722
-84, 168, 558
-97, 209, 395
-103, 214, 288
-101, 224, 185
-126, 229, 123
-127, 224, 80
-127, 224, 80
-166, 178, 67
-198, 123, 37
-188, 119, 27
-227, 73, 24
-227, 73, 24
-271, 33, -5
-295, 27, 7
-296, 50, 19
-278, 71, 27
-278, 71, 27
-276, 51, 69
-285, 58, 162
-305, 57, 295
-251, 61, 410
-251, 61, 410
-232, 61, 561
-227, 39, 718
-212, 41, 830
-220, 87, 945
-192, 78, 1061
-192, 78, 1061
-124, 77, 1163
-152, 75, 1295
-210, 29, 1480
-249, 13, 1589
-303, 1, 1715
-392, 41, 1851
-485, 10, 1963
-485, 10, 1963
-590, -33, 1998
-685, -60, 1998
-694, -71, 1998
-733, -127, 1998
-728, -131, 1953
-668, -63, 1830
-589, -10, 1687
-,-,-
-156, 399, 275
-96, 385, 424
-70, 273, 489
-67, 194, 573
-17, 241, 657
-34, 177, 779
-34, 177, 779
-40, 59, 881
-9, 25, 963
26, 90, 997
26, 90, 997
-41, 12, 1158
-101, -89, 1397
-128, -133, 1485
-232, -159, 1583
-339, -189, 1756
-474, -255, 1867
-643, -207, 1912
-859, -299, 1998
-992, -342, 1998
-1079, -386, 1998
-1122, -453, 1998
-1098, -458, 1998
-1036, -433, 1998
-940, -386, 1936
-812, -339, 1718
-676, -261, 1527
-532, -179, 1369
-420, -126, 1224
-354, -84, 1087
-271, 6, 954
-223, 49, 808
-215, 74, 666
-203, 146, 527
-203, 146, 527
-194, 159, 459
-203, 134, 381
-192, 164, 262
-176, 196, 191
-179, 197, 128
-172, 195, 63
-147, 213, 25
-147, 213, 25
-147, 210, -4
-169, 179, -12
-228, 109, -8
-285, 56, -5
-334, 31, 0
-334, 31, 0
-384, 0, 20
-379, 4, 54
-379, 4, 54
-369, 32, 102
-361, 8, 173
-367, -41, 282
-358, 0, 431
-358, 0, 431
-312, -5, 569
-189, 20, 669
-65, 48, 761
36, 146, 901
36, 146, 901
161, 233, 1185
225, 207, 1419
184, 127, 1617
39, 50, 1806
-173, 19, 1948
-407, -92, 1998
-595, -205, 1984
-766, -364, 1998
-826, -369, 1998
-881, -414, 1998
-902, -399, 1992
-862, -374, 1917
-743, -297, 1741
-646, -263, 1549
-532, -204, 1421
-459, -167, 1319
-378, -131, 1192
-341, -85, 1095
-341, -85, 1095
-,-,-
-250, 134, 542
-292, 89, 533
-303, 95, 497
-347, 10, 523
-394, -135, 610
-394, -135, 699
-436, -146, 699
-391, -72, 752
-398, -126, 787
-463, -197, 874
-467, -181, 995
-426, -160, 1121
-311, -38, 1155
-353, -54, 1306
-430, -100, 1489
-390, -49, 1574
-377, -77, 1733
-452, -139, 1930
-502, -121, 1998
-594, -139, 1998
-652, -176, 1998
-677, -177, 1998
-676, -181, 1998
-659, -184, 1954
-655, -200, 1816
-656, -214, 1690
-598, -167, 1536
-507, -140, 1378
-396, -87, 1239
-332, -18, 1107
-319, -12, 971
-310, -26, 802
-299, 17, 685
-299, 17, 685
-287, 35, 602
-261, 45, 520
-287, 32, 394
-317, 31, 277
-291, 63, 231
-291, 63, 231
-265, 76, 203
-267, 43, 142
-257, 33, 58
-231, 35, 20
-231, 35, 20
-199, 41, -6
-187, 19, -16
-215, -8, -23
-218, 31, -16
-218, 31, -16
-165, 74, -1
-134, 70, 35
-158, 0, 156
-109, 24, 342
-109, 24, 342
-57, 84, 503
-56, 58, 614
-56, 5, 791
-25, -11, 1019
-25, -11, 1019
5, -11, 1250
-46, -61, 1501
-93, -80, 1750
-200, -142, 1890
-363, -190, 1998
-440, -255, 1998
-440, -252, 1998
-553, -328, 1998
-649, -390, 1998
-717, -441, 1988
-741, -461, 1837
-737, -439, 1671
-710, -414, 1532
-638, -398, 1432
-518, -353, 1345
-434, -329, 1236
-417, -316, 1105
-,-,-
-399, -94, 775
-313, -168, 823
-289, -223, 901
-225, -131, 1182
-250, -139, 1383
-292, -202, 1466
-292, -249, 1626
-310, -208, 1731
-305, -174, 1815
-270, -75, 1822
-357, -63, 1897
-334, -32, 1934
-297, 11, 1983
-291, 19, 1998
-269, -64, 1998
-269, -64, 1998
-274, -154, 1998
-310, -210, 1937
-362, -246, 1845
-407, -269, 1727
-475, -300, 1617
-536, -337, 1504
-556, -329, 1407
-554, -329, 1323
-488, -294, 1177
-408, -242, 1029
-364, -172, 897
-312, -144, 821
-283, -125, 722
-268, -104, 635
-252, -52, 578
-294, -29, 524
-299, -7, 432
-302, 0, 332
-283, 13, 279
-283, 13, 279
-233, 46, 234
-222, 45, 158
-224, 30, 104
-211, 36, 28
-202, 63, -61
-202, 63, -61
-185, 98, -111
-216, 91, -126
-230, 108, -136
-227, 136, -103
-224, 106, -1
-290, 8, 141
-290, 8, 141
-288, -38, 290
-224, -99, 492
-216, -163, 708
-199, -180, 881
-103, -145, 1036
-82, -180, 1174
-127, -215, 1308
-114, -185, 1428
-50, -169, 1514
-24, -168, 1563
-131, -222, 1700
-183, -223, 1803
-224, -223, 1899
-292, -281, 1996
-362, -373, 1998
-439, -433, 1998
-554, -495, 1998
-593, -489, 1998
-570, -429, 1927
-488, -370, 1809
-442, -388, 1711
-375, -370, 1558
-,-,-
-301, 169, 347
-302, 146, 390
-319, 135, 454
-275, 138, 494
-239, 167, 632
-239, 167, 632
-293, 113, 814
-328, -43, 939
-301, -29, 986
-253, 9, 1087
-245, -72, 1288
-275, -213, 1453
-307, -306, 1552
-278, -289, 1661
-305, -311, 1838
-308, -391, 1910
-217, -336, 1977
-273, -308, 1998
-380, -284, 1998
-459, -296, 1998
-458, -301, 1998
-506, -364, 1998
-538, -405, 1998
-510, -395, 1943
-482, -383, 1864
-423, -328, 1811
-336, -301, 1731
-231, -260, 1611
-169, -228, 1475
-165, -236, 1349
-168, -223, 1167
-187, -164, 990
-179, -140, 819
-194, -141, 648
-211, -78, 480
-211, -78, 480
-226, -24, 315
-244, -17, 188
-287, -28, 88
-292, -27, 0
-264, -7, -62
-264, -14, -113
-264, -14, -113
-273, -55, -144
-240, -40, -172
-222, -13, -185
-203, -16, -147
-256, -35, -98
-259, -47, -30
-219, -59, 63
-169, -51, 195
-155, -59, 349
-167, -58, 456
-167, -58, 456
-120, -48, 556
-28, -36, 725
26, 45, 911
9, 46, 1084
46, 0, 1318
46, 0, 1318
69, -41, 1666
55, -76, 1851
23, -89, 1996
23, -89, 1996
-71, -186, 1998
-168, -295, 1998
-275, -393, 1998
-380, -475, 1998
-473, -538, 1998
-543, -544, 1995
-618, -536, 1893
-645, -518, 1744
-560, -432, 1639
-483, -394, 1548
-412, -401, 1442
-342, -367, 1372
-,-,-
-268, -50, 431
-214, -64, 442
-163, 29, 599
-184, -14, 791
-269, -102, 834
-311, -232, 880
-312, -271, 1086
-293, -276, 1249
-279, -282, 1331
-233, -268, 1431
-232, -234, 1526
-340, -369, 1677
-311, -344, 1691
-278, -301, 1687
-323, -267, 1743
-448, -314, 1745
-539, -315, 1757
-589, -316, 1868
-641, -372, 1914
-662, -477, 1938
-622, -502, 1952
-594, -474, 1899
-576, -472, 1815
-508, -430, 1697
-450, -352, 1567
-404, -290, 1473
-349, -270, 1373
-282, -253, 1289
-231, -191, 1176
-224, -144, 1081
-234, -124, 991
-234, -116, 886
-240, -62, 762
-255, -57, 683
-255, -57, 683
-241, -48, 578
-236, -37, 464
-234, -23, 365
-226, -30, 269
-254, -76, 172
-240, -76, 105
-182, -38, 42
-182, -38, 42
-161, -15, -4
-157, -9, -31
-178, -15, -61
-178, -14, -55
-196, 1, -49
-196, 1, -49
-215, 0, -6
-242, -36, 71
-248, -63, 168
-232, -72, 276
-152, -86, 441
-152, -86, 441
-90, -117, 657
-61, -121, 828
-25, -90, 982
-1, -81, 1118
5, -111, 1300
-57, -217, 1564
-84, -205, 1684
-98, -174, 1879
-98, -174, 1879
-175, -291, 1998
-235, -327, 1998
-264, -333, 1998
-295, -378, 1998
-367, -480, 1998
-468, -574, 1947
-509, -581, 1816
-553, -579, 1705
-525, -546, 1580
-431, -487, 1446
-349, -417, 1356
-299, -376, 1253
-304, -453, 1161
-,-,-
-280, 200, 530
-225, 214, 508
-172, 178, 520
-172, 178, 520
-121, 152, 518
-80, 201, 488
27, 260, 516
103, 282, 575
145, 216, 658
145, 216, 658
136, 162, 775
142, 120, 871
118, 63, 969
78, -27, 1114
-30, -166, 1275
-130, -166, 1365
-130, -300, 1515
-256, -424, 1799
-478, -579, 1990
-688, -683, 1990
-848, -749, 1998
-940, -763, 1998
-920, -718, 1998
-885, -691, 1998
-829, -635, 1998
-747, -586, 1998
-679, -539, 1998
-608, -443, 1931
-534, -380, 1829
-411, -276, 1660
-325, -200, 1513
-252, -146, 1355
-222, -96, 1194
-195, -2, 1056
-202, 0, 940
-211, -29, 836
-181, -2, 706
-173, 38, 610
-198, 81, 485
-198, 81, 485
-196, 63, 430
-152, 78, 382
-141, 129, 322
-143, 156, 255
-180, 119, 229
-183, 77, 230
-183, 77, 230
-181, 109, 210
-159, 139, 174
-160, 138, 155
-203, 91, 161
-246, 76, 154
-313, 60, 139
-313, 60, 139
-319, 90, 133
-288, 118, 153
-334, 54, 226
-341, 19, 331
-278, 43, 446
-232, 56, 526
-232, 56, 526
-195, 41, 611
-217, -18, 775
-211, -63, 938
-170, -46, 1031
-125, -5, 1087
-132, -106, 1232
-164, -208, 1356
-192, -239, 1449
-203, -254, 1568
-213, -273, 1627
-250, -268, 1724
-239, -176, 1791
-251, -147, 1901
-320, -208, 1987
-363, -243, 1998
-347, -278, 1998
-339, -318, 1977
-324, -297, 1833
-355, -327, 1665
-339, -294, 1522
-292, -263, 1428
-,-,-
-163, 346, 457
-163, 346, 457
-201, 279, 467
-236, 133, 465
-238, 69, 480
-178, 119, 524
-63, 192, 539
-101, 60, 598
-124, -55, 667
-124, -55, 667
-86, 28, 733
-17, 157, 828
18, 78, 972
-55, -118, 1136
-158, -193, 1294
-219, -261, 1469
-343, -395, 1687
-466, -439, 1877
-557, -421, 1986
-679, -540, 1998
-762, -576, 1998
-777, -523, 1998
-758, -485, 1996
-742, -505, 1998
-720, -517, 1998
-683, -477, 1998
-558, -409, 1912
-418, -304, 1759
-314, -194, 1620
-269, -127, 1454
-232, -121, 1321
-207, -117, 1168
-197, -31, 998
-197, -31, 998
-170, -22, 864
-174, -30, 750
-188, -30, 620
-195, -1, 492
-198, 26, 375
-236, -1, 302
-236, -1, 302
-233, 3, 223
-209, 9, 186
-216, 19, 108
-265, 2, 47
-265, 2, 47
-260, 7, -15
-235, 20, -41
-223, 55, -68
-246, 62, -90
-246, 62, -90
-286, 38, -83
-305, 42, -29
-275, 90, 42
-223, 79, 172
-194, 27, 333
-194, 27, 333
-156, 20, 470
-134, -26, 650
-109, -62, 843
-127, -120, 1026
-135, -184, 1146
-120, -173, 1209
-74, -110, 1341
-51, -147, 1467
-63, -246, 1547
-100, -294, 1592
-225, -299, 1612
-281, -290, 1688
-270, -284, 1729
-346, -368, 1825
-398, -411, 1948
-445, -455, 1990
-501, -515, 1971
-509, -499, 1903
-480, -452, 1809
-418, -412, 1676
-397, -400, 1540
-393, -354, 1379
-,-,-
-372, 274, 597
-372, 274, 597
-344, 235, 526
-246, 243, 454
-148, 281, 382
-87, 254, 357
-70, 219, 327
-18, 235, 362
-18, 235, 362
28, 269, 384
53, 252, 410
27, 225, 465
-21, 134, 568
-21, 134, 568
-94, 54, 682
-82, 60, 780
-78, 51, 896
-58, 9, 1037
-58, 9, 1037
-79, -109, 1233
-124, -139, 1488
-187, -156, 1712
-282, -245, 1855
-411, -333, 1994
-531, -384, 1998
-559, -352, 1998
-577, -329, 1998
-626, -345, 1998
-571, -347, 1998
-499, -369, 1998
-418, -345, 1987
-349, -315, 1852
-277, -206, 1657
-215, -121, 1462
-168, -110, 1349
-122, -69, 1240
-110, -33, 1152
-138, -45, 1033
-181, -70, 910
-222, -68, 768
-231, 0, 682
-231, 0, 682
-206, 35, 590
-282, 2, 442
-312, 34, 337
-305, 73, 301
-311, 80, 239
-311, 80, 239
-331, 81, 181
-328, 73, 142
-310, 79, 105
-276, 101, 81
-257, 86, 91
-257, 86, 91
-285, 59, 91
-339, 47, 112
-361, 65, 136
-363, 67, 172
-363, 67, 172
-337, 69, 228
-292, 101, 314
-228, 107, 449
-150, 97, 549
-67, 115, 679
-67, 115, 679
0, 132, 842
41, 124, 979
86, 121, 1054
58, 129, 1213
58, 129, 1213
-1, 49, 1346
-39, -51, 1459
-51, -94, 1554
-119, -126, 1688
-197, -172, 1765
-282, -272, 1831
-376, -337, 1959
-450, -401, 1998
-517, -424, 1965
-552, -442, 1897
-479, -359, 1803
-462, -349, 1731
-472, -382, 1609
-,-,-
-245, 242, 576
-264, 188, 582
-280, 197, 669
-284, 119, 675
-263, 51, 684
-253, 26, 731
-248, 25, 824
-256, -9, 901
-256, -9, 901
-242, -107, 916
-220, -114, 1038
-246, -93, 1128
-246, -125, 1158
-166, -147, 1200
-84, -75, 1332
-73, -54, 1495
-130, -113, 1636
-247, -134, 1757
-344, -131, 1871
-391, -114, 1953
-509, -204, 1998
-643, -331, 1998
-748, -429, 1998
-815, -484, 1998
-843, -528, 1998
-816, -531, 1984
-712, -452, 1825
-615, -380, 1644
-529, -295, 1485
-432, -208, 1331
-370, -168, 1206
-381, -138, 1080
-374, -77, 990
-295, -3, 912
-269, 27, 790
-269, 27, 790
-305, 7, 670
-322, 57, 546
-302, 61, 484
-279, 71, 388
-279, 71, 388
-232, 99, 317
-201, 142, 278
-194, 172, 204
-226, 162, 155
-243, 160, 102
-255, 151, 56
-219, 185, -13
-219, 185, -13
-172, 212, -53
-149, 252, -68
-155, 263, -42
-195, 245, -42
-240, 227, -15
-235, 247, 52
-218, 234, 144
-218, 234, 144
-160, 191, 247
-167, 124, 387
-195, 39, 567
-176, -10, 733
-101, -19, 807
-49, -32, 910
-1, 8, 1049
-1, 8, 1049
-63, -32, 1175
-124, -159, 1272
-89, -128, 1329
-108, -91, 1453
-176, -186, 1537
-200, -267, 1595
-237, -307, 1650
-312, -338, 1704
-378, -384, 1719
-440, -448, 1701
-526, -445, 1728
-514, -385, 1728
-570, -472, 1789
-621, -528, 1837
-663, -558, 1847
-696, -588, 1791
-,-,-
-464, 164, 569
-464, 164, 569
-365, 247, 551
-363, 203, 559
-357, 78, 489
-231, 66, 481
-56, 221, 485
49, 256, 498
49, 256, 498
180, 272, 543
209, 314, 605
156, 232, 717
136, 167, 853
136, 167, 853
63, 66, 923
-19, -59, 1039
-89, -155, 1141
-214, -247, 1303
-410, -343, 1430
-631, -514, 1551
-737, -586, 1648
-767, -599, 1767
-786, -582, 1824
-838, -582, 1862
-830, -514, 1932
-763, -450, 1998
-680, -451, 1998
-620, -486, 1998
-596, -511, 1998
-540, -452, 1998
-455, -382, 1986
-396, -337, 1869
-260, -238, 1687
-132, -131, 1494
-96, -111, 1320
-56, -5, 1128
3, 112, 967
3, 112, 967
19, 174, 830
-8, 175, 642
-75, 215, 536
-75, 215, 536
-77, 234, 492
-110, 184, 429
-136, 150, 346
-150, 152, 294
-194, 139, 253
-229, 108, 226
-259, 85, 173
-259, 85, 173
-294, 104, 117
-313, 131, 99
-360, 100, 79
-425, 48, 52
-455, 39, 10
-455, 39, 10
-494, 17, -8
-532, 2, -16
-511, 7, 13
-511, 7, 13
-460, 24, 15
-407, 55, 63
-324, 66, 172
-324, 66, 172
-283, 6, 265
-295, -98, 402
-250, -107, 557
-185, -92, 700
-168, -99, 799
-164, -136, 919
-137, -204, 1054
-113, -236, 1223
-73, -225, 1347
-84, -297, 1501
-84, -297, 1501
-142, -384, 1615
-179, -429, 1644
-232, -426, 1706
-290, -406, 1699
-353, -349, 1752
-373, -377, 1797
-411, -453, 1884
-442, -520, 1981
-446, -514, 1973
-498, -549, 1921
-527, -573, 1825
-,-,-
-87, 326, 381
-67, 275, 280
-67, 275, 280
-58, 261, 241
-77, 219, 260
-24, 229, 281
7, 169, 303
45, 129, 368
45, 129, 368
43, 158, 456
36, 97, 598
98, 52, 701
98, 52, 701
120, 22, 740
158, 66, 938
283, 152, 1221
283, 152, 1221
309, 82, 1416
278, -24, 1612
270, 16, 1873
233, 8, 1919
164, -88, 1829
96, -106, 1869
96, -106, 1869
25, -150, 1935
10, -92, 1942
-16, -116, 1982
-26, -192, 1998
-10, -221, 1998
-9, -226, 1998
11, -172, 1998
-28, -215, 1998
0, -207, 1963
0, -207, 1963
39, -128, 1838
41, -88, 1676
23, -134, 1494
38, -119, 1347
60, -69, 1207
52, -70, 1062
52, -70, 1062
4, -99, 930
-34, -102, 792
-83, -73, 667
-150, -52, 570
-222, -40, 457
-222, -40, 457
-266, -62, 384
-292, -16, 300
-352, 3, 231
-383, 5, 162
-394, 4, 114
-394, 4, 114
-382, 30, 63
-339, 69, -7
-284, 99, -15
-254, 138, -34
-244, 179, -56
-244, 179, -56
-179, 246, -33
-125, 270, 16
-164, 196, 130
-180, 192, 214
-111, 176, 312
6, 168, 430
6, 168, 430
78, 122, 583
137, 61, 744
243, 71, 881
243, 71, 881
256, 21, 987
281, -34, 1144
348, -30, 1332
307, -116, 1458
272, -172, 1534
274, -209, 1670
268, -230, 1725
192, -269, 1753
120, -307, 1748
120, -307, 1748
65, -334, 1811
134, -310, 1863
151, -358, 1955
39, -466, 1988
-38, -493, 1998
-49, -451, 1996
-45, -413, 1935
-66, -402, 1833
-69, -405, 1712
-62, -430, 1597
-42, -410, 1482
11, -340, 1354
49, -365, 1256
-,-,-
-160, 414, 483
-118, 387, 489
-107, 355, 463
-99, 273, 478
-94, 198, 506
-94, 198, 506
-49, 191, 577
0, 165, 596
34, 73, 614
34, 73, 614
26, -33, 653
38, -27, 720
96, -55, 774
184, -65, 740
184, -65, 740
196, -17, 755
200, -2, 953
168, -74, 1066
114, -135, 1125
-14, -265, 1301
-57, -302, 1507
-176, -419, 1582
-350, -548, 1739
-419, -564, 1926
-457, -583, 1998
-502, -624, 1998
-487, -585, 1998
-416, -534, 1998
-335, -555, 1998
-252, -542, 1998
-158, -468, 1998
-90, -390, 1977
-90, -390, 1977
-46, -321, 1823
-24, -271, 1639
19, -214, 1465
49, -173, 1335
34, -199, 1237
-9, -192, 1095
-26, -116, 982
-16, -74, 870
-51, -79, 730
-51, -79, 730
-91, -66, 624
-92, -2, 545
-138, 23, 448
-219, -8, 340
-242, 13, 220
-242, 13, 220
-263, 39, 140
-294, 64, 70
-305, 77, 17
-288, 97, -34
-288, 97, -34
-236, 141, -67
-193, 179, -90
-201, 160, -58
-177, 167, -20
-112, 180, 48
-65, 177, 114
-65, 177, 114
-69, 134, 216
-36, 110, 322
54, 76, 472
143, 24, 644
143, 24, 644
207, -30, 803
237, -102, 952
185, -209, 1102
151, -304, 1252
209, -309, 1291
165, -334, 1374
47, -381, 1458
18, -427, 1574
18, -427, 1574
49, -407, 1635
-9, -445, 1717
-106, -497, 1795
-127, -512, 1920
-109, -537, 1994
-103, -570, 1998
-164, -669, 1998
-117, -592, 1998
-83, -509, 1983
-34, -455, 1863
33, -407, 1684
95, -354, 1541
89, -339, 1434
33, -352, 1293
-,-,-
-65, 281, 502
-65, 281, 502
-23, 324, 466
47, 295, 415
143, 265, 379
213, 290, 351
213, 290, 351
272, 285, 363
241, 182, 412
194, 85, 432
196, 47, 478
196, 47, 478
218, 107, 593
207, 56, 770
169, -92, 908
128, -210, 1146
87, -258, 1385
53, -324, 1560
53, -324, 1560
-47, -470, 1775
-143, -557, 1921
-273, -545, 1993
-322, -578, 1998
-319, -573, 1998
-366, -540, 1998
-399, -541, 1998
-381, -520, 1998
-334, -511, 1998
-294, -532, 1998
-196, -494, 1998
-45, -403, 1950
55, -328, 1807
101, -241, 1644
73, -204, 1494
11, -215, 1365
-9, -195, 1240
-9, -185, 1105
-15, -146, 989
-15, -146, 989
-63, -119, 922
-83, -78, 819
-84, -33, 707
-81, 14, 603
-118, 65, 541
-118, 65, 541
-116, 97, 488
-153, 106, 432
-159, 125, 407
-205, 121, 363
-249, 103, 348
-280, 96, 276
-285, 145, 183
-285, 145, 183
-248, 192, 142
-200, 213, 127
-223, 180, 140
-270, 141, 135
-325, 102, 128
-337, 96, 123
-295, 112, 141
-295, 112, 141
-222, 106, 207
-161, 98, 261
-65, 135, 308
-55, 93, 408
-32, 15, 548
-32, 15, 548
41, -22, 649
121, -39, 752
144, -107, 944
124, -227, 1113
144, -291, 1259
176, -275, 1447
143, -317, 1605
113, -360, 1664
113, -360, 1664
152, -346, 1705
13, -426, 1844
-102, -462, 1944
-185, -519, 1960
-216, -515, 1998
-218, -516, 1996
-145, -465, 1993
-111, -472, 1951
-114, -463, 1818
-113, -395, 1691
-90, -401, 1548
-121, -431, 1454
-,-,-
-51, 423, 573
-51, 423, 573
23, 432, 538
99, 421, 619
135, 393, 655
152, 316, 658
152, 316, 658
189, 245, 709
218, 213, 777
239, 211, 796
259, 83, 830
324, 28, 864
324, 28, 864
261, -23, 883
146, -64, 962
80, -145, 987
-33, -269, 1016
-59, -300, 1184
-45, -297, 1334
-45, -297, 1334
-206, -408, 1441
-408, -519, 1587
-447, -536, 1680
-500, -540, 1753
-544, -504, 1855
-490, -460, 1971
-415, -479, 1998
-318, -456, 1994
-291, -499, 1998
-287, -500, 1998
-300, -469, 1998
-248, -392, 1967
-161, -322, 1786
-105, -259, 1578
-43, -178, 1392
-7, -125, 1241
-30, -120, 1056
-50, -103, 903
-84, -6, 810
-79, 70, 749
-109, 44, 684
-109, 44, 684
-150, 10, 577
-168, 44, 528
-187, 82, 492
-220, 92, 418
-247, 56, 399
-247, 56, 399
-251, 59, 331
-292, 89, 234
-313, 118, 164
-344, 116, 110
-370, 114, 58
-373, 110, 4
-373, 110, 4
-362, 106, -13
-326, 87, -8
-319, 52, 11
-280, 66, 15
-280, 66, 15
-221, 58, 70
-162, 27, 166
-134, -29, 266
-81, -99, 401
-81, -99, 401
-38, -206, 567
-18, -339, 718
44, -400, 915
114, -399, 1121
66, -511, 1273
7, -582, 1398
-5, -548, 1549
-5, -548, 1549
-37, -506, 1731
-102, -521, 1849
-112, -434, 1978
-158, -481, 1998
-246, -543, 1998
-317, -624, 1998
-204, -506, 1991
-240, -521, 1998
-195, -489, 1886
-245, -506, 1767
-196, -455, 1582
-124, -406, 1456
-92, -360, 1305
-85, -354, 1189
-62, -358, 1112
-51, -349, 1042
-75, -310, 1000
-128, -308, 904
-216, -360, 780
-260, -329, 683
-270, -262, 654
-282, -238, 574
-350, -293, 489
-399, -314, 385
-455, -288, 244
-465, -170, 155
-465, -170, 155
-570, -196, 132
-627, -258, 128
-,-,-
-268, 243, 340
-178, 266, 334
-178, 266, 334
-153, 194, 272
-104, 172, 340
-6, 206, 437
34, 126, 544
28, 7, 595
28, 7, 595
46, -1, 716
88, 6, 925
88, 6, 925
77, -68, 1064
52, -121, 1141
89, -114, 1268
166, -70, 1471
157, -119, 1614
157, -119, 1614
158, -105, 1618
79, -139, 1699
-58, -238, 1771
-191, -291, 1885
-342, -314, 1912
-441, -348, 1946
-441, -351, 1985
-411, -349, 1998
-389, -414, 1998
-364, -441, 1998
-335, -456, 1998
-297, -390, 1919
-275, -331, 1728
-242, -277, 1540
-241, -243, 1376
-202, -168, 1237
-162, -144, 1138
-177, -115, 1018
-183, -102, 911
-174, -78, 772
-155, 19, 656
-161, 56, 553
-193, 70, 465
-193, 70, 465
-197, 108, 394
-190, 143, 301
-197, 175, 244
-205, 195, 197
-244, 182, 130
-241, 195, 64
-199, 226, 37
-199, 226, 37
-172, 229, 24
-164, 226, 0
-154, 198, 45
-146, 209, 110
-168, 194, 160
-168, 194, 160
-154, 148, 218
-170, 87, 298
-140, 50, 449
-110, 2, 595
-106, -106, 747
-41, -177, 973
70, -206, 1164
70, -206, 1164
113, -223, 1299
43, -263, 1452
-52, -250, 1513
-113, -238, 1552
-101, -192, 1556
-87, -195, 1645
-30, -140, 1695
-67, -176, 1802
-159, -255, 1915
-229, -324, 1982
-207, -328, 1992
-238, -352, 1983
-303, -357, 1867
-332, -342, 1784
-290, -305, 1725
-301, -378, 1632
-,-,-
95, 95, 723
146, 145, 671
177, 177, 616
221, 103, 500
239, 15, 277
239, 15, 277
258, -51, 177
309, -80, 135
341, -76, 77
393, -97, 238
393, -97, 238
422, -176, 282
445, -279, 284
443, -394, 347
408, -424, 565
372, -349, 835
343, -360, 978
261, -475, 1143
261, -475, 1143
235, -530, 1365
199, -746, 1640
192, -534, 1887
167, -341, 1998
151, -299, 1998
141, -158, 1998
121, -7, 1998
57, 68, 1998
3, -5, 1998
3, -5, 1998
-21, -102, 1998
-6, -247, 1998
39, -350, 1989
59, -413, 1848
86, -403, 1590
107, -369, 1319
136, -392, 1094
150, -344, 870
150, -344, 870
131, -263, 749
116, -271, 725
92, -250, 633
55, -150, 431
18, -116, 282
-13, -126, 175
-13, -126, 175
-22, -122, 125
-19, -70, 104
-17, -40, 84
-10, 39, 29
-9, 114, 0
-9, 114, 0
-4, 106, -7
-2, 80, -10
-2, 80, -10
0, 69, 0
11, 3, 52
11, 3, 52
5, -81, 78
-12, -183, 178
-12, -183, 178
-23, -308, 317
-23, -397, 458
-12, -399, 584
3, -410, 840
17, -413, 1090
35, -383, 1178
42, -383, 1320
42, -390, 1320
34, -357, 1456
45, -298, 1693
32, -331, 1832
63, -199, 1754
102, -241, 1845
150, -273, 1998
202, -173, 1998
244, -129, 1998
265, -93, 1998
265, -93, 1998
269, -85, 1998
266, -108, 1998
240, -140, 1952
191, -224, 1810
129, -284, 1579
-,-,-
313, -18, 179
313, -18, 179
310, -66, 48
301, -133, 34
310, -260, 69
347, -492, 189
390, -736, 547
390, -736, 547
350, -779, 919
320, -638, 1041
292, -560, 1152
236, -578, 1420
255, -597, 1804
160, -514, 1749
144, -572, 1988
107, -422, 1995
119, -451, 1988
174, -436, 1998
258, -318, 1998
338, -235, 1998
384, -173, 1998
403, -182, 1998
403, -182, 1998
396, -282, 1998
370, -368, 1982
321, -412, 1796
240, -469, 1569
173, -532, 1352
99, -580, 1134
36, -577, 981
-11, -554, 878
-58, -532, 743
-90, -481, 626
-123, -471, 485
-123, -471, 485
-131, -385, 406
-137, -285, 371
-134, -206, 337
-138, -141, 262
-135, -68, 183
-133, -46, 122
-124, -45, 45
-128, 6, -65
-122, 59, -85
-122, 59, -85
-95, 65, 12
-59, 63, 128
-31, 81, 188
-31, 81, 227
-13, 64, 227
2, 5, 267
6, -82, 345
6, -82, 345
-1, -186, 471
-18, -275, 565
-30, -340, 660
-19, -394, 799
-11, -366, 984
-11, -366, 984
-9, -347, 1118
0, -453, 1377
4, -451, 1656
8, -301, 1742
30, -263, 1820
56, -310, 1780
106, -317, 1901
106, -317, 1901
158, -378, 1998
156, -268, 1998
171, -162, 1998
194, -181, 1998
188, -227, 1998
175, -281, 1998
168, -368, 1886
148, -400, 1660
118, -402, 1393
76, -409, 1099
37, -443, 762
-54, -419, 511
-161, -443, 500
-,-,-
275, 151, 452
323, 67, 344
354, -34, 262
368, -176, 275
402, -326, 464
441, -388, 674
441, -388, 674
456, -462, 790
454, -454, 780
452, -517, 909
422, -625, 1159
380, -600, 1301
380, -501, 1276
375, -568, 1331
356, -615, 1464
348, -495, 1633
336, -453, 1929
354, -292, 1998
396, -238, 1998
402, -200, 1998
402, -200, 1998
416, -204, 1998
412, -236, 1994
387, -266, 1998
390, -255, 1998
401, -302, 1996
382, -390, 1958
356, -418, 1815
344, -462, 1642
334, -508, 1438
292, -512, 1236
250, -503, 1084
216, -467, 893
166, -447, 755
130, -363, 658
130, -363, 658
91, -306, 572
57, -232, 484
21, -154, 381
-3, -116, 354
-12, -99, 331
-28, -41, 291
-28, -41, 291
-42, 4, 284
-46, 44, 292
-41, 72, 283
-41, 72, 283
-33, 95, 229
-37, 84, 206
-30, 84, 174
-15, 70, 187
-15, 70, 187
-8, 37, 215
-11, -11, 256
-18, -41, 244
-12, -105, 232
-12, -105, 232
-19, -227, 286
-38, -344, 352
-53, -381, 537
-64, -356, 734
-65, -374, 816
-92, -463, 946
-128, -514, 1204
-143, -534, 1343
-190, -520, 1301
-173, -514, 1424
-159, -652, 1695
-124, -544, 1867
-72, -488, 1927
6, -498, 1997
6, -498, 1997
81, -425, 1998
156, -372, 1998
218, -319, 1998
246, -213, 1998
274, -189, 1996
270, -198, 1931
229, -227, 1847
184, -291, 1694
120, -317, 1359
-,-,-
302, 219, 407
331, 71, 421
331, 71, 421
325, -27, 470
322, -53, 344
317, -132, 223
300, -326, 457
252, -519, 784
252, -519, 784
202, -576, 888
156, -548, 798
94, -582, 903
49, -683, 1202
87, -772, 1541
37, -711, 1477
-7, -680, 1530
-7, -680, 1530
4, -619, 1599
14, -574, 1529
13, -640, 1675
18, -519, 1861
43, -406, 1940
53, -320, 1897
57, -316, 1780
95, -329, 1773
95, -329, 1773
115, -404, 1949
115, -386, 1998
117, -361, 1998
102, -355, 1990
80, -412, 1942
50, -514, 1860
42, -600, 1701
23, -669, 1557
-6, -699, 1355
-6, -699, 1355
-29, -719, 1139
-50, -714, 892
-62, -639, 658
-84, -546, 411
-95, -413, 309
-91, -275, 240
-86, -187, 126
-78, -113, 43
-78, -113, 43
-75, -35, -65
-66, 29, -149
-52, 64, -187
-38, 110, -198
-25, 133, -221
-3, 128, -150
-3, 128, -150
21, 76, 4
25, 36, 85
37, -18, 113
37, -18, 113
58, -91, 209
61, -158, 314
66, -295, 480
72, -374, 744
72, -374, 744
54, -357, 938
27, -389, 948
7, -495, 958
-22, -631, 1141
-50, -662, 1290
-62, -681, 1520
-62, -681, 1520
-98, -692, 1606
-84, -618, 1879
-37, -592, 1998
17, -548, 1998
58, -513, 1998
111, -430, 1998
202, -337, 1998
255, -276, 1998
288, -300, 1998
285, -332, 1951
263, -383, 1787
231, -475, 1594
160, -522, 1457
93, -582, 1310
93, -582, 1310
33, -600, 1083
-46, -581, 809
-148, -576, 504
-202, -577, 237
-,-,-
163, 192, 484
181, 196, 511
213, 197, 493
234, 130, 389
236, 25, 341
236, -43, 393
236, -43, 393
229, -125, 335
234, -264, 240
277, -389, 242
290, -499, 296
307, -637, 572
319, -738, 1027
327, -668, 1296
292, -582, 1382
292, -582, 1574
282, -542, 1574
243, -648, 1707
222, -600, 1829
226, -557, 1774
242, -557, 1710
258, -564, 1783
269, -574, 1926
308, -546, 1997
355, -487, 1998
383, -398, 1998
403, -381, 1998
415, -398, 1998
387, -441, 1998
370, -466, 1884
329, -544, 1629
261, -556, 1423
217, -669, 1379
217, -669, 1379
156, -731, 1297
107, -725, 1107
54, -715, 852
15, -688, 665
-40, -621, 569
-80, -508, 480
-96, -382, 409
-113, -245, 379
-115, -129, 381
-127, -62, 319
-127, -62, 319
-142, -34, 326
-148, -34, 308
-147, -25, 250
-152, -4, 163
-166, 17, 97
-175, 27, 95
-175, 27, 95
-157, 12, 149
-150, 27, 156
-132, 30, 157
-107, 17, 175
-107, 17, 175
-97, -44, 221
-87, -116, 325
-51, -124, 415
-27, -165, 422
-14, -246, 452
-4, -403, 682
-4, -398, 907
-4, -398, 907
-18, -312, 975
-15, -346, 930
-26, -494, 955
-32, -622, 1103
-31, -692, 1245
-41, -651, 1318
-56, -717, 1673
-14, -659, 1820
35, -650, 1857
35, -650, 1857
74, -696, 1992
119, -596, 1998
185, -514, 1998
237, -464, 1998
259, -396, 1998
287, -397, 1998
270, -402, 1921
222, -398, 1753
188, -441, 1599
-,-,-
203, 262, 352
207, 212, 325
223, 151, 436
223, 151, 436
235, 90, 435
225, 24, 292
247, -66, 284
285, -216, 458
323, -392, 677
323, -392, 677
338, -410, 779
346, -361, 662
385, -444, 651
411, -659, 1014
382, -622, 1224
342, -601, 1257
319, -599, 1293
279, -633, 1393
205, -771, 1459
182, -739, 1552
182, -769, 1877
183, -642, 1998
203, -574, 1995
203, -574, 1995
224, -526, 1963
263, -500, 1964
286, -508, 1991
319, -474, 1997
364, -403, 1998
364, -375, 1998
344, -411, 1998
317, -488, 1896
280, -565, 1695
239, -630, 1461
175, -711, 1271
116, -758, 1147
66, -743, 952
24, -666, 713
24, -666, 713
-38, -575, 482
-82, -503, 362
-108, -429, 292
-129, -306, 236
-139, -200, 154
-130, -109, 104
-147, -66, 76
-146, -28, 83
-146, -28, 83
-124, 0, 138
-99, 70, 119
-83, 116, 46
-65, 94, 6
-65, 94, 6
-49, 54, 66
-30, 5, 178
-30, 5, 178
-18, -58, 247
-16, -94, 313
0, -98, 395
0, -98, 395
4, -153, 434
-11, -256, 512
-17, -340, 620
-29, -395, 788
-44, -385, 852
-53, -434, 948
-53, -434, 948
-72, -524, 1178
-92, -531, 1388
-86, -513, 1436
-109, -648, 1467
-115, -644, 1557
-87, -768, 1755
-77, -780, 1864
-43, -682, 1983
18, -620, 1998
80, -552, 1998
134, -517, 1998
177, -486, 1998
197, -416, 1998
208, -401, 1891
195, -413, 1752
195, -413, 1752
173, -444, 1660
133, -465, 1434
79, -527, 1174
21, -543, 834
-36, -502, 497
-,-,-
127, 161, 363
125, 219, 307
155, 170, 315
162, 110, 206
197, -35, 282
197, -35, 282
221, -205, 410
260, -237, 478
294, -254, 432
315, -362, 597
360, -400, 866
393, -431, 976
400, -464, 1000
400, -464, 1000
424, -482, 1133
433, -524, 1192
461, -609, 1266
360, -670, 1242
321, -661, 1325
305, -698, 1281
261, -811, 1320
180, -803, 1521
129, -728, 1683
150, -697, 1852
166, -664, 1996
199, -614, 1998
270, -495, 1998
344, -456, 1998
405, -392, 1998
453, -292, 1998
463, -286, 1970
463, -286, 1970
460, -313, 1777
413, -406, 1588
354, -545, 1447
287, -678, 1290
206, -777, 1058
134, -811, 837
65, -768, 621
-11, -681, 427
-56, -588, 350
-87, -479, 315
-118, -343, 195
-118, -343, 195
-129, -241, 161
-133, -198, 182
-140, -163, 153
-128, -105, 132
-124, -9, 100
-107, 73, 50
-88, 77, 23
-65, 55, 67
-65, 55, 67
-34, 47, 116
-20, 22, 146
-8, -42, 213
-8, -42, 213
5, -72, 319
19, -97, 391
12, -185, 437
12, -185, 437
13, -266, 535
16, -382, 672
1, -442, 792
-18, -475, 865
-39, -510, 968
-39, -510, 968
-46, -534, 1158
-30, -556, 1367
-13, -666, 1627
-23, -630, 1724
9, -640, 1906
51, -691, 1998
80, -685, 1998
118, -573, 1998
175, -496, 1998
203, -444, 1998
209, -436, 1998
209, -436, 1998
221, -513, 1998
211, -553, 1881
166, -601, 1581
101, -651, 1294
30, -677, 973
-50, -627, 650
-141, -593, 392
-,-,-
118, 142, 453
91, 19, 646
91, 19, 646
139, -56, 766
138, -48, 600
159, -73, 498
170, -149, 524
170, -149, 524
166, -191, 517
159, -265, 527
154, -362, 662
158, -426, 727
131, -518, 795
112, -590, 882
85, -560, 1035
63, -584, 1267
63, -584, 1267
18, -699, 1423
-26, -746, 1598
-120, -790, 1695
-144, -750, 1839
-167, -840, 1913
-173, -930, 1952
-137, -1010, 1998
-70, -1007, 1998
-34, -914, 1998
-27, -803, 1998
-27, -754, 1995
-19, -741, 1932
-15, -689, 1798
-25, -685, 1666
-26, -652, 1492
-26, -634, 1270
-53, -583, 979
-58, -496, 739
-80, -449, 602
-80, -449, 602
-104, -388, 493
-119, -310, 331
-114, -258, 214
-121, -151, 151
-114, -70, 141
-105, 0, 67
-107, 30, -22
-108, 83, 31
-108, 83, 31
-96, 101, 116
-68, 150, 92
-47, 166, 1
-47, 166, 1
-41, 131, -3
-35, 82, 113
-28, 70, 190
-28, 70, 190
-25, 68, 208
-20, 4, 256
-16, -91, 385
-14, -145, 474
-14, -145, 474
-22, -212, 478
-41, -337, 575
-61, -365, 745
-58, -389, 909
-62, -392, 1038
-83, -481, 1156
-92, -471, 1292
-85, -452, 1294
-71, -680, 1447
-114, -841, 1755
-90, -726, 1902
-62, -752, 1865
-38, -799, 1873
-38, -799, 1873
8, -824, 1998
48, -757, 1998
84, -607, 1998
102, -443, 1998
124, -466, 1998
112, -508, 1998
84, -533, 1923
47, -588, 1719
17, -649, 1511
-15, -675, 1189
-15, -675, 1189
-,-,-
291, 81, 454
291, 81, 454
288, -67, 461
286, -16, 261
293, -63, 155
308, -385, 299
304, -586, 452
304, -586, 452
303, -649, 540
312, -673, 740
339, -692, 963
346, -697, 1064
336, -723, 1205
356, -733, 1402
374, -708, 1611
420, -733, 1944
399, -734, 1998
395, -653, 1998
384, -719, 1998
368, -812, 1998
299, -716, 1998
299, -716, 1998
255, -620, 1998
236, -630, 1998
210, -704, 1998
214, -817, 1998
243, -888, 1992
258, -969, 1755
247, -955, 1321
233, -900, 937
193, -864, 611
151, -728, 366
117, -566, 170
58, -421, 49
58, -421, 49
13, -283, 3
-27, -153, -28
-38, -68, -24
-44, -38, -56
-44, -38, -56
-60, -2, -119
-70, 75, -175
-68, 108, -173
-60, 94, -101
-55, 122, -39
-55, 122, -39
-56, 143, -1
-53, 133, 17
-40, 60, 119
-25, 12, 233
-25, 12, 233
-25, -49, 266
-20, -117, 296
9, -213, 382
45, -316, 524
56, -383, 748
56, -383, 748
51, -364, 955
36, -383, 1089
3, -455, 1107
-15, -538, 1270
-50, -622, 1463
-95, -645, 1410
-115, -783, 1485
-153, -941, 1741
-142, -949, 1963
-113, -930, 1998
-79, -831, 1998
-79, -831, 1998
-43, -691, 1998
-5, -619, 1998
5, -595, 1998
9, -599, 1984
9, -582, 1857
-13, -583, 1618
-42, -632, 1426
-,-,-
239, 41, 572
247, -72, 602
260, -268, 837
275, -381, 935
221, -305, 780
221, -305, 780
174, -302, 703
186, -449, 882
204, -548, 1192
157, -509, 1137
96, -558, 1056
82, -644, 1076
91, -747, 1274
95, -831, 1575
47, -746, 1628
47, -746, 1628
6, -691, 1644
-15, -676, 1794
-4, -717, 1998
9, -684, 1998
33, -582, 1998
38, -568, 1998
59, -556, 1998
62, -582, 1998
62, -582, 1998
50, -628, 1987
25, -633, 1786
-13, -673, 1555
-20, -723, 1383
-45, -751, 1243
-66, -739, 1108
-79, -684, 917
-70, -596, 700
-86, -527, 518
-92, -424, 417
-92, -424, 417
-70, -324, 338
-55, -224, 206
-40, -127, 142
-55, -27, 49
-51, 20, -10
-49, 56, -88
-49, 56, -88
-43, 85, -119
-33, 114, -106
-28, 129, -69
-28, 133, -121
-25, 64, -97
-25, 64, -97
-21, 15, 41
-23, -10, 156
-32, -59, 294
-32, -59, 294
-28, -116, 438
-66, -124, 479
-71, -224, 498
-81, -372, 627
-95, -450, 822
-110, -516, 908
-124, -624, 1017
-151, -718, 1175
-141, -731, 1434
-183, -885, 1552
-202, -861, 1467
-193, -902, 1562
-176, -990, 1834
-179, -932, 1886
-147, -889, 1966
-115, -830, 1998
-79, -776, 1998
-55, -745, 1998
-30, -752, 1998
-16, -742, 1970
-16, -742, 1970
-20, -728, 1823
-26, -709, 1643
-45, -694, 1489
-63, -658, 1286
-84, -640, 1008
-119, -629, 821
-165, -588, 707
-,-,-
292, 2, 799
292, 10, 729
305, -79, 640
328, -215, 538
336, -318, 492
328, -377, 617
328, -377, 617
328, -433, 684
295, -430, 574
279, -477, 664
252, -562, 890
191, -582, 856
133, -721, 1004
88, -784, 1298
14, -698, 1404
14, -698, 1404
-67, -708, 1454
-112, -805, 1575
-131, -928, 1737
-145, -929, 1851
-165, -837, 1852
-151, -794, 1924
-77, -714, 1998
-3, -650, 1998
9, -561, 1998
15, -525, 1962
15, -535, 1804
7, -631, 1682
-18, -752, 1533
-59, -852, 1401
-59, -852, 1401
-87, -861, 1226
-109, -841, 1063
-113, -793, 912
-118, -731, 840
-114, -645, 758
-104, -520, 607
-89, -407, 446
-86, -327, 340
-77, -240, 247
-73, -161, 235
-59, -95, 268
-46, -33, 176
-46, -33, 176
-26, 37, 27
-11, 79, -32
-2, 88, -12
-2, 88, -12
13, 100, 31
23, 122, 38
20, 123, 45
20, 123, 45
14, 56, 120
10, -49, 195
-9, -64, 240
-9, -64, 240
-26, -160, 313
-38, -298, 466
-57, -395, 677
-74, -448, 793
-99, -441, 882
-109, -533, 1042
-110, -574, 1229
-143, -572, 1288
-150, -529, 1273
-132, -576, 1365
-162, -698, 1347
-155, -714, 1459
-129, -811, 1688
-119, -906, 1960
-98, -822, 1998
-98, -822, 1998
-78, -745, 1998
-54, -774, 1998
-59, -790, 1998
-68, -787, 1997
-61, -749, 1926
-73, -735, 1723
-90, -738, 1492
-107, -703, 1250
-143, -712, 1036
-160, -690, 830
-,-,-
94, 165, 878
175, 165, 719
187, 146, 517
169, 32, 429
169, 32, 429
194, -33, 458
191, -114, 469
207, -245, 451
224, -336, 450
222, -403, 405
198, -473, 419
198, -473, 419
204, -532, 541
204, -597, 704
207, -626, 832
185, -602, 902
160, -726, 1136
129, -711, 1299
120, -555, 1447
81, -592, 1558
104, -682, 1726
134, -741, 1844
134, -741, 1844
163, -749, 1972
163, -690, 1998
151, -639, 1998
148, -576, 1998
139, -521, 1998
106, -522, 1998
79, -558, 1998
79, -598, 1941
76, -659, 1814
69, -681, 1626
42, -700, 1396
43, -656, 1195
43, -656, 1195
15, -698, 1056
-11, -646, 944
-30, -576, 873
-50, -522, 732
-38, -454, 637
-57, -388, 452
-73, -328, 343
-73, -328, 343
-89, -270, 263
-88, -182, 194
-83, -79, 154
-84, -19, 133
-76, -2, 130
-68, 14, 148
-68, 14, 148
-45, 34, 186
-24, 73, 133
-6, 121, 65
-6, 121, 65
10, 142, 98
28, 107, 172
48, 57, 302
48, 57, 302
63, 34, 380
80, -12, 443
86, -57, 427
86, -57, 427
64, -142, 434
47, -289, 568
35, -406, 694
9, -458, 717
9, -458, 717
-8, -548, 823
-8, -640, 1048
-41, -739, 1209
-71, -757, 1382
-78, -690, 1437
-38, -777, 1541
-77, -871, 1560
-65, -795, 1740
-42, -824, 1887
-50, -806, 1912
-50, -806, 1912
-57, -689, 1956
-51, -641, 1998
-20, -649, 1998
8, -641, 1998
12, -623, 1997
24, -590, 1849
32, -610, 1551
17, -625, 1297
-,-,-
278, 369, 504
322, 325, 460
322, 325, 460
383, 217, 542
394, 71, 602
382, 21, 532
394, -61, 415
411, -216, 390
411, -216, 390
398, -401, 426
371, -524, 582
351, -529, 800
308, -482, 814
223, -559, 1007
151, -582, 1302
98, -555, 1393
62, -620, 1460
62, -620, 1460
2, -667, 1608
-18, -681, 1658
-5, -718, 1664
-1, -686, 1648
-14, -651, 1667
8, -639, 1670
64, -632, 1931
109, -524, 1998
155, -409, 1998
155, -409, 1998
177, -356, 1998
189, -364, 1998
212, -371, 1978
206, -407, 1858
187, -432, 1698
163, -486, 1493
139, -546, 1285
98, -594, 1057
50, -637, 850
13, -626, 681
-25, -515, 544
-25, -515, 544
-57, -423, 463
-95, -339, 345
-100, -268, 297
-116, -193, 245
-122, -149, 206
-127, -125, 165
-118, -115, 151
-116, -71, 86
-106, -28, -33
-98, -25, -13
-98, -25, -13
-83, -47, 68
-64, -52, 133
-56, -35, 130
-49, -97, 126
-32, -157, 214
-32, -157, 214
-24, -228, 330
-24, -305, 396
-10, -337, 491
6, -363, 637
-2, -408, 800
-29, -484, 1009
-43, -556, 1206
-43, -556, 1206
-33, -550, 1320
-32, -664, 1576
-68, -623, 1672
-49, -600, 1809
-28, -644, 1987
-1, -572, 1998
38, -498, 1998
52, -490, 1998
56, -483, 1998
57, -517, 1997
39, -520, 1962
39, -520, 1962
9, -500, 1830
-18, -539, 1681
-54, -582, 1518
-92, -615, 1360
-121, -648, 1224
-134, -633, 1095
-157, -631, 1026
-177, -565, 917
-185, -523, 807
-210, -475, 723
-231, -450, 704
-254, -398, 657
-274, -404, 637
-309, -355, 615
-,-,-
128, 156, 463
128, 115, 421
121, 30, 381
121, 30, 381
106, -6, 408
108, -80, 513
83, -208, 632
57, -249, 840
57, -249, 840
5, -280, 860
-17, -403, 868
-74, -474, 926
-105, -554, 1093
-77, -617, 1220
-62, -596, 1184
-70, -585, 1298
-66, -429, 1315
-21, -464, 1342
2, -458, 1629
2, -458, 1629
13, -382, 1878
48, -304, 1992
63, -272, 1998
55, -296, 1998
66, -391, 1998
74, -511, 1998
54, -565, 1998
54, -565, 1998
17, -566, 1894
-34, -583, 1686
-75, -579, 1517
-108, -592, 1439
-128, -546, 1368
-136, -484, 1204
-157, -416, 1051
-170, -394, 912
-199, -421, 715
-200, -370, 571
-196, -281, 427
-197, -223, 299
-188, -180, 258
-174, -92, 185
-146, -49, 134
-115, -1, 86
-115, -1, 86
-71, 36, 82
-48, 44, 106
-26, 55, 166
-26, 55, 166
-5, 92, 146
11, 108, 149
41, 108, 196
41, 108, 196
47, 69, 269
48, 35, 346
41, -3, 414
41, -3, 414
32, -95, 482
8, -152, 503
-18, -200, 532
-44, -351, 658
-44, -351, 658
-57, -430, 826
-58, -420, 874
-73, -453, 977
-72, -467, 1081
-64, -553, 1217
-61, -553, 1307
-76, -523, 1357
-75, -517, 1421
-111, -641, 1464
-137, -624, 1470
-146, -675, 1539
-155, -743, 1696
-149, -720, 1846
-147, -688, 1936
-106, -672, 1998
-81, -689, 1998
-52, -659, 1998
-47, -615, 1961
-47, -615, 1961
-49, -609, 1812
-55, -592, 1640
-61, -580, 1456
-,-,-
209, 60, 552
174, -7, 397
174, -7, 397
160, -61, 385
147, -192, 467
128, -252, 546
110, -374, 654
60, -449, 626
60, -449, 626
31, -516, 632
8, -545, 763
-28, -586, 884
-66, -600, 998
-133, -597, 1041
-203, -597, 1090
-233, -639, 1239
-220, -687, 1599
-262, -653, 1677
-258, -626, 1669
-229, -661, 1761
-181, -620, 1966
-139, -570, 1998
-96, -444, 1998
-77, -431, 1998
-79, -426, 1998
-79, -426, 1998
-95, -428, 1998
-139, -505, 1998
-167, -540, 1939
-200, -566, 1714
-210, -578, 1489
-240, -684, 1345
-234, -656, 1230
-236, -632, 1035
-239, -573, 794
-232, -497, 608
-224, -385, 492
-186, -263, 423
-146, -141, 372
-112, -36, 288
-98, -13, 220
-85, -1, 145
-81, 35, 115
-81, 35, 115
-60, 53, 168
-42, 69, 211
-24, 93, 246
-24, 93, 246
-7, 128, 221
-3, 129, 178
7, 110, 201
5, 73, 215
5, 73, 215
7, 86, 235
15, 79, 282
15, 79, 282
8, 11, 317
-25, -39, 251
-25, -39, 251
-38, -151, 306
-31, -249, 433
-45, -303, 562
-63, -336, 733
-49, -323, 914
-72, -341, 989
-122, -460, 1104
-182, -506, 1185
-200, -541, 1378
-220, -573, 1515
-227, -573, 1644
-270, -699, 1818
-259, -642, 1949
-221, -693, 1998
-193, -682, 1998
-147, -525, 1998
-112, -537, 1998
-110, -527, 1998
-128, -537, 1998
-125, -608, 1914
-161, -640, 1642
-194, -679, 1429
-202, -628, 1255
-203, -565, 1094
-208, -540, 979
-204, -490, 879
-224, -411, 720
-,-,-
173, 145, 311
173, 145, 311
184, 18, 337
173, -160, 454
164, -257, 624
143, -342, 685
74, -451, 559
74, -451, 559
39, -616, 643
6, -776, 849
-24, -704, 1002
-59, -592, 1063
-86, -625, 1085
-88, -687, 1163
-65, -674, 1328
-89, -559, 1348
-67, -539, 1354
-67, -539, 1354
-60, -599, 1466
-53, -535, 1585
-42, -524, 1689
-29, -507, 1872
0, -492, 1995
-1, -510, 1998
-14, -457, 1998
-23, -441, 1998
-56, -509, 1998
-73, -530, 1996
-100, -607, 1882
-120, -661, 1719
-125, -684, 1520
-153, -649, 1302
-164, -666, 1139
-151, -599, 959
-148, -565, 822
-157, -500, 706
-151, -399, 547
-151, -399, 547
-139, -290, 492
-132, -191, 462
-124, -99, 409
-125, -72, 349
-120, -63, 302
-127, -27, 229
-131, 18, 153
-136, 31, 78
-136, 31, 78
-115, 4, 124
-102, 15, 169
-92, 27, 131
-77, 52, 153
-77, 52, 153
-52, 67, 195
-38, -3, 293
-25, -34, 365
-11, -29, 397
-11, -29, 397
-8, -90, 470
-14, -180, 546
-21, -268, 659
-19, -283, 721
-19, -321, 768
-42, -395, 826
-42, -395, 826
-54, -438, 941
-40, -515, 1187
-54, -478, 1243
-68, -492, 1222
-66, -601, 1442
-48, -531, 1654
-80, -566, 1753
-92, -492, 1765
-110, -513, 1921
-102, -583, 1998
-105, -533, 1998
-103, -510, 1998
-104, -503, 1998
-106, -519, 1998
-103, -595, 1971
-101, -568, 1834
-91, -541, 1586
-97, -528, 1372
-119, -518, 1196
-141, -491, 1026
-154, -459, 882
